http://lod.geodan.nl/vocab/bag	2.350719559597654E-6 9.560702206499916E-4 3.651505728219536E-6 3.4839123782464536E-6 0.009511688092662453 1.437793614402442E-6 4.772258104082494E-6 3.67898668401638E-6 0.9895066308191419 6.235691476992776E-6	
http://www.w3.org/ns/auth/cert#	1.219032915427973E-5 4.128206326379745E-6 1.893592817313897E-5 1.8066824884361317E-5 1.7609989740288973E-5 7.456090346433007E-6 0.9998403291272815 1.9078438535666042E-5 2.9868102478252842E-5 3.233696307954715E-5	
http://purl.org/dc/dcam/	3.720564298503685E-6 6.766195967962675E-4 5.779363085965307E-6 0.003453792609677644 5.37467842709835E-6 2.275645160870613E-6 7.55321622811239E-6 0.9958258989533161 9.115930697049574E-6 9.869442312273936E-6	
http://purl.org/rss/1.0	2.710349127835813E-7 9.178489173363691E-8 4.2101386893897407E-7 0.009868782128399539 3.714336660715388E-5 1.6577573674805141E-7 5.502351625653392E-7 0.9900911916178213 6.640754689845485E-7 7.189671301758055E-7	
http://data.lirmm.fr/ontologies/oan	2.8941771415781354E-8 0.9999995719616268 4.495689146672786E-8 4.289350266055474E-8 4.180890370123989E-8 1.7701938949377634E-8 5.8755457503023316E-8 4.529523362996556E-8 7.091160407635455E-8 7.677307002003688E-8	
http://data.lirmm.fr/ontologies/vdpp	2.1125532177371227E-6 0.003110730570596165 3.2815484706546757E-6 0.99225149620296 0.003151062745873027 1.2921216034241217E-6 4.288750298813651E-6 0.0014649555264115554 5.176066634425783E-6 5.603913933821927E-6	
http://purl.org/ctic/sector-publico/elecciones	6.25836740835554E-5 2.119371150770922E-5 9.721476280575172E-5 9.275289173718332E-5 9.040755541322522E-5 3.827866518394088E-5 1.2705277607832728E-4 0.9991511626873316 1.5333922220934937E-4 1.6601405364939203E-4	
http://www.w3.org/2003/g/data-view	9.103759248125375E-7 0.9999865358680206 1.4141384457000526E-6 1.3492336592693435E-6 1.3151171303792505E-6 5.568221381648857E-7 1.8481783023457868E-6 1.4247811446328707E-6 2.2305551451405152E-6 2.4149300889743715E-6	
http://www.w3.org/2004/03/trix/swp-1	6.708655610481871E-7 2.27185945368598E-7 1.042093442848601E-6 9.942644254319592E-7 9.691235977023795E-7 0.016037725767336784 1.361941962575081E-6 1.0499361592430424E-6 1.6437194658917938E-6 0.9839543151021028	
http://www.w3.org/ns/regorg	0.002276882731090585 0.080651374179549 7.564868159974565E-7 0.0014566512991950023 7.03515821700055E-7 0.0023823587697156135 9.88674428298302E-7 0.0019049618372363856 0.8754050597627729 0.03592026274337451	
http://www.w3.org/ns/radion#	1.6522846271622003E-6 5.595395960605637E-7 2.566587220537915E-6 2.4487884322288007E-6 2.386868718975352E-6 0.012514434234838194 0.9116900122880672 2.5859031617430076E-6 0.07577897053369605 4.382971641638525E-6	
http://semweb.mmlab.be/ns/oh	2.2834378782986003E-7 7.732771261371567E-8 3.546993284927582E-7 3.3841967480471943E-7 3.298624434214588E-7 1.396641461078548E-7 0.010148229222386881 0.09270239064019273 8.075942751878216E-4 0.8963403175451392	
http://vocab.deri.ie/c4n	1.5930990853197236E-5 5.39496648477106E-6 0.9997837379273731 2.361071783513154E-5 2.3013700608645864E-5 9.74402787704339E-6 3.2341926919707616E-5 2.493275004787512E-5 3.9033274767347184E-5 4.225971723327768E-5	
http://www.w3.org/ns/hydra/core	2.5384832762646586E-6 1.2763631452544563E-4 1.7045043443921764E-7 0.0014314590520675672 1.5851509227629514E-7 1.4096511249295373E-4 2.227665866194783E-7 0.9980707190968897 2.688556376399341E-7 2.2586135299713662E-4	
http://labs.mondeca.com/vocab/endpointStatus	3.693799128086457E-5 1.250890335769894E-5 5.7377872320118865E-5 5.47443971040892E-5 5.336013812674957E-5 2.2592745176957757E-5 7.498879546006156E-5 5.7809693845348955E-5 9.050352086107062E-5 0.9995391759424671	
http://purl.org/ctic/dcat#	1.0779476489859567E-6 0.010168214809154155 1.6744370883895251E-6 1.5975853614995317E-6 1.5571890470690832E-6 6.593156721073979E-7 2.188370102527409E-6 0.9898175297722063 2.6411305583820886E-6 2.859443160704638E-6	
http://purl.org/cld/cdtype/	3.3138164073119964E-6 1.1222107035824887E-6 0.9991214712716858 4.911281719477626E-6 4.78709575397134E-6 2.026861966703816E-6 6.727466549835054E-6 8.387301838164141E-4 8.119338435825728E-6 8.790472960939266E-6	
http://vocab.deri.ie/csp	6.116222536879879E-7 2.07123435723059E-7 9.5006746071849E-7 9.064621646315335E-7 8.835414922817378E-7 3.7409250592594467E-7 1.2416705535471364E-6 0.9999917044213562 1.4985646343043438E-6 1.6224341431498024E-6	
http://purl.org/ctic/empleo/oferta	1.669725332500665E-5 0.9997530536382451 2.5936788551770095E-5 2.4746366406915855E-5 2.4120633333443933E-5 1.0212704493284406E-5 3.3897536680138865E-5 2.6131986859743403E-5 4.091073071981487E-5 4.429236138476429E-5	
http://data.press.net/ontology/classification/	4.4297985932294707E-7 1.5001336178636185E-7 6.88105685427011E-7 6.565236626836241E-7 6.39922899464372E-7 2.7094410749380865E-7 8.993051574221338E-7 0.9999939917584121 1.0853659213471473E-6 1.1750809329771133E-6	
http://purl.org/ctic/infraestructuras/organizacion	3.789624350403099E-6 3.7342486423756267E-4 5.886637972955659E-6 5.6164586410866E-6 5.474441673030519E-6 2.3178850364124972E-6 7.693416870507073E-6 5.9309403648913E-6 0.9995798130947715 1.005263608171854E-5	
http://purl.org/ontology/dso	8.279458410730124E-6 2.803805554190024E-6 1.2860951315907294E-5 1.2270671558650936E-5 1.19603971166701E-5 5.064046191752394E-6 1.68083480382422E-5 1.295774186230749E-5 2.0285892952226118E-5 0.9998967086869992	
http://zbw.eu/namespaces/zbw-extensions	9.56868287911609E-6 0.9998584826271848 1.486357664484185E-5 1.4181382287801818E-5 1.3822793888231913E-5 5.852587173005807E-6 1.9425636813552104E-5 1.497543879792659E-5 2.3444682846402548E-5 2.5382591484270242E-5	
http://purl.org/prog/	5.812306709111793E-7 1.9683144748385148E-7 9.028584952142555E-7 8.614199514937194E-7 8.396382100883407E-7 3.555038046622526E-7 1.1799717955603083E-6 9.09653339928873E-7 0.9999926310770877 1.5418151969552578E-6	
http://www.w3.org/2003/06/sw-vocab-status/ns	7.374882799968766E-7 0.9999890928140073 1.1455822826285107E-6 1.0930034325032673E-6 1.065365904395525E-6 4.510771756447368E-7 1.4971945107239182E-6 1.1542038482000134E-6 1.8069549431094612E-6 1.9563156154389175E-6	
http://www.w3.org/2004/03/trix/rdfg-1/	1.3269460893860255E-6 4.493649984049112E-7 2.0612204576461297E-6 1.9666165141659684E-6 1.9168889309113296E-6 8.116130255461306E-7 2.693868438239779E-6 2.0767330468353966E-6 3.251213423304846E-6 0.9999834455350756	
http://www.w3.org/2004/09/fresnel	3.362294117263344E-6 3.5538225701150665E-4 5.222841737551773E-6 4.983128696323068E-6 4.857126018459827E-6 2.056512862968461E-6 6.825882434128065E-6 0.0016423933328463711 8.238115967622688E-6 0.9979666785083078	
http://inference-web.org/2.0/ds.owl	1.258629389477293E-5 0.9292341089000885 1.9551002613720624E-5 1.8653669221075615E-5 1.818199521523166E-5 7.698278136586541E-6 2.55517689443035E-5 0.0705994424892014 3.083827443154039E-5 3.3387328252798916E-5	
http://purl.org/ontology/olo/core#	7.790317105772658E-9 9.358061671204166E-4 1.2101140444521738E-8 1.1545733766690496E-8 0.017426256633113868 4.76486790741094E-9 1.581532930612926E-8 0.9816378454297847 1.9087424687922788E-8 2.0665167727558338E-8	
http://ontologi.es/doap-deps#	5.572920889356758E-6 1.8872474221731325E-6 8.656733410549199E-6 8.259414863056392E-6 8.050568482850223E-6 7.735531578243119E-5 1.1313734455927803E-5 0.9989128342182743 3.0987506745174925E-4 6.561947789675865E-4	
http://data.press.net/ontology/identifier/	8.753074282943436E-7 0.48009811698439037 1.3596645653967172E-6 1.2972599695080944E-6 1.2644576398866621E-6 5.353728503692869E-7 1.7769848177705429E-6 0.45735142895251985 0.059996511125986654 0.00254683388983183	
http://purl.org/vocab/changeset/schema	1.7124793486634307E-7 5.799242983086405E-8 0.003684749846179328 2.538000747873603E-7 2.473825224795711E-7 1.0474205067344396E-7 3.4765497297907136E-7 0.15050999203676174 0.8458036210322147 4.5426485840847845E-7	
http://data.press.net/ontology/tag/	1.6150358795304265E-6 5.46925456304606E-7 2.5087266327910266E-6 2.3935834749132085E-6 2.333059666296584E-6 9.87820203877116E-7 3.278727159522278E-6 0.9999780948827962 3.957075854587139E-6 4.284162875961745E-6	
http://www.w3.org/ns/adms	1.013294041408023E-7 3.942518209388092E-5 1.5740069807414268E-7 5.8965615842023324E-6 4.308801426657968E-5 6.197709532386167E-8 2.0571150995806632E-7 0.9999105467575535 2.482719694139878E-7 2.6879382493320713E-7	
http://vocab.deri.ie/ppo	1.320569810835231E-5 4.472056971162411E-6 2.051315823314957E-5 1.95716647335631E-5 1.907677842478882E-5 0.9998082975555496 2.680923786095427E-5 2.066753870975743E-5 3.235590601412612E-5 3.5030405394715174E-5	
http://open-multinet.info/ontology/omn-lifecycle	1.5990139510042265E-4 5.41499694139731E-5 2.483838864468481E-4 2.369837981799023E-4 2.3099145983172697E-4 0.9976787680544945 3.2462006176215184E-4 2.502532047807461E-4 3.917819769122722E-4 4.2416619307733224E-4	
http://purl.org/reco#	4.332559645799019E-6 1.467204036318073E-6 0.9999411858096324 6.421122467740808E-6 6.258758885515818E-6 2.649965865691669E-6 8.79564420888387E-6 6.7806596407993E-6 1.06154094656613E-5 1.1492866150948222E-5	
http://rdf.insee.fr/def/demo	3.0830834097907565E-6 1.0440738946401856E-6 4.789127944022575E-6 4.569321087528939E-6 4.453781889540644E-6 1.885736484885494E-6 6.25904937399446E-6 0.9984750408149904 0.0014906965972719326 8.178413653298823E-6	
http://www.holygoat.co.uk/owl/redwood/0.1/tags/	4.214496651069457E-6 1.4272224742465676E-6 6.546616162744729E-6 6.246145777275202E-6 6.088206630561695E-6 2.577753840558204E-6 8.555961393003088E-6 0.999942837775763 1.0326137733877586E-5 1.1179683573733704E-5	
http://purl.org/wai#	1.0100899850156633E-5 3.420629429756248E-6 1.5690299386172517E-5 1.4970160892102173E-5 1.4591627549818581E-5 6.178112248642509E-6 2.0506104597473207E-5 1.580838339204943E-5 0.9998719393933152 2.6794389338539366E-5	
http://purl.org/net/ns/ontology-annot	3.068505764001604E-7 0.00801337182251912 4.7664836618130213E-7 4.5477161111279187E-7 4.432723213475738E-7 1.8768202166972753E-7 6.229454908771378E-7 0.9919825702035796 7.518291217110669E-7 8.139743918650595E-7	
http://www.w3.org/ns/locn	2.5269049804560312E-5 0.41344639711887843 3.925184513452108E-5 1.4873969921326492E-4 4.7040473942600795E-4 0.5844305950504654 0.0012708518117786971 3.9547251550770176E-5 6.191289501200316E-5 6.703053873639108E-5	
http://rdaregistry.info/Elements/m	0.11501079405128778 0.8370594333226976 2.47500830027756E-4 0.022096146889299482 6.920835851675916E-4 0.01991261289481517 7.188648336123267E-5 5.017745605018126E-4 5.860738156823817E-5 0.004349160001273284	
http://purl.org/ctic/infraestructuras/localizacion	1.7306198327077535E-7 1.2253684937930847E-5 2.688269728603574E-7 2.5648860718380723E-7 8.253538160065155E-6 1.0585159485597339E-7 3.5133772074194417E-7 0.00353150637467462 0.9964463717584116 4.5907693653501926E-7	
http://ns.nature.com/terms/	0.0141488349258987 0.8543969001068278 0.005988556288202091 0.030373605528608003 6.120874261662493E-4 0.07819454800575676 0.0011322173312293706 3.4723514692003695E-6 0.0011038974205930963 0.014045880615248963	
http://purl.org/uco/ns#	0.036082505811077095 0.9422254241713958 2.5669171600994434E-4 7.629974083988166E-4 4.2969278803714137E-4 0.013486650664529014 0.001346817095749348 0.003940455518109768 2.8037959750881823E-4 0.0011883852291839983	
http://contextus.net/ontology/ontomedia/ext/common/being#	0.06933343270882196 0.9130131195524472 3.100821551110834E-4 0.003272800900549262 4.910563006933563E-4 0.009233782844879768 3.761776420492183E-8 7.41348435050108E-5 5.441337308396225E-4 0.0037274193453884614	
http://salt.semanticauthoring.org/ontologies/sro	1.426392645443891E-5 0.9997890416660931 2.2156964212354036E-5 2.1140024863502808E-5 2.0605481225313738E-5 8.724384960666493E-6 2.8957575283835106E-5 2.2323715848372654E-5 3.494872137508051E-5 3.7837539683219504E-5	
http://def.seegrid.csiro.au/isotc211/iso19103/2005/basic	0.003584601721590145 0.09231495195255579 2.0934246651920238E-9 7.943959266913739E-4 1.19088954019618E-4 0.8842864998087814 0.011083269353355204 6.819308650152151E-4 3.3020099072382893E-9 0.0071352560225569055	
http://www.w3.org/TR/2003/PR-owl-guide-20031215/food	0.0095672250331341 3.3834295255504775E-4 0.0076590369542410275 1.4942674543892678E-5 9.833798962507604E-5 3.328666809459257E-8 0.0014080448876234901 8.517300914997758E-8 0.9809138066847723 1.4436382972893027E-7	
http://www.w3.org/2006/time-entry	7.33364286776717E-4 0.12326817517030197 7.903677777418071E-9 7.540922263825828E-9 7.3502435844849334E-9 0.019333840057684033 0.025599561871109025 7.963160258290322E-9 1.2466664197949377E-8 0.8310650153894601	
http://www.w3.org/2006/time	1.1728356175839248E-4 0.013092445186751912 4.32475799088049E-9 4.126264346487957E-9 4.021928217739617E-9 0.00201102891786836 0.009360978076032693 4.357305792260329E-9 2.782048074551861E-6 0.9754154653792577	
http://www.essepuntato.it/2012/04/tvc	0.0011434067506911425 0.050878471238107854 1.297334111533397E-6 2.1514007017508092E-4 7.251207021653773E-9 0.0028507705018729823 0.0066174347968832635 2.251825987565552E-5 0.0012789035991225021 0.936992050197953	
http://owlrep.eu01.aws.af.cm/fridge	0.0046362177084410885 0.804378522828183 0.005362592415107969 0.001054008595060511 6.932746112897778E-5 0.16696913161543372 0.005666250677812862 2.3425966624645005E-5 0.001300948886991459 0.01053957384521638	
http://securitytoolbox.appspot.com/stac	0.0014439569685097725 0.06737205493420273 1.9798647461901966E-5 1.0044394514447165E-5 1.0737220438220794E-7 0.9310893954091941 1.508937674296787E-7 1.2629476340156288E-5 1.8211276957569957E-7 5.167979103747932E-5	
http://contextus.net/ontology/ontomedia/core/space#	0.01964177328280502 0.008586143280810912 1.6168968395458432E-7 3.3534189116912513E-5 0.9591481440488039 0.01235454964336115 2.3499980363481975E-4 1.6290654828077778E-7 2.5503709170604063E-7 2.7611814391014934E-7	
http://spinrdf.org/sp	0.0021016324158648013 0.7903228754910778 0.01635277565487159 0.0014601190988017597 1.1842440791469522E-8 0.18808840190391332 1.664258005011077E-8 3.1047561581530256E-4 2.0085828576209558E-8 0.001363671248805886	
http://purl.org/net/cartCoord#	3.24898755443305E-4 5.457629904600526E-4 3.93509194768187E-7 0.021003373357483344 3.65954751159601E-7 3.742824619356979E-4 5.142885109697278E-7 0.9771933200209661 1.5733402749472532E-4 3.9975463375976493E-4	
http://www.ontotext.com/proton/protontop	0.01883863981290651 0.8691634245406805 5.5426903131629744E-6 0.004901882392911866 1.3811914200641362E-4 0.06809821376264184 4.0565389205321413E-4 8.457030542110678E-4 2.4036501151811267E-4 0.03736245570075731	
http://www.w3.org/2006/gen/ont	0.014403885355699815 0.7022757794172176 2.2824049489294826E-10 2.177649289249127E-10 2.1225855614961515E-10 0.14308194158443585 0.009694975595620365 2.2995821558628572E-10 3.6000931292187433E-10 0.13054341679879472	
http://commontag.org/ns#	0.022894991188850366 0.01599260754849339 8.596832737519586E-7 9.82259270655231E-4 7.994862196480579E-7 1.6356160251633687E-4 1.123544853949164E-6 0.9413586706743582 0.01747626839255676 0.0011288586082224064	
http://purl.org/spar/doco	0.008471707897949949 0.8703120136004737 0.022544923120854623 0.0027891707249758876 1.965881305752986E-5 0.006031319576435135 1.4118930073610163E-7 0.08762292275140839 9.490582394608211E-5 0.002113236501598035	
http://www.linkedmodel.org/schema/vaem	0.007257187439713486 0.7818992607634841 0.04209893137362678 0.007555152299434623 3.500879695980921E-8 0.1561006033413397 4.9199038958370017E-8 1.2742757786830784E-4 1.3015157127697607E-5 0.004948337839569546	
http://purl.org/biotop/biotop.owl	0.8677821387223037 0.07405352130636854 4.207917326945321E-4 5.257992730244487E-4 1.1584382048498577E-4 0.0037600286241559425 7.118872823734862E-5 5.729814303388263E-4 0.05102842971602149 0.0016692766463709552	
http://purl.org/wf4ever/wfdesc	4.446574122730041E-5 0.9478261546798943 0.0018789767113398853 0.0044741044231478705 0.0013536190296408294 0.04012115750134326 2.705135592967566E-6 0.0015836462672047008 9.036087316961288E-4 0.0018115617789128014	
http://resource.geosciml.org/ontology/timescale/thors	7.733530387047671E-4 0.02645450546061439 7.151037610141085E-9 0.009358212293641078 2.594777907750726E-5 0.9348733489800853 0.026824797788958216 1.486869694497396E-4 1.1279506460555415E-8 0.001541129258925551	
http://code-research.eu/ontology/visual-analytics	0.001313727823210602 0.8918445142696151 0.0014365995590976672 5.500042636359088E-5 4.8921086399791436E-5 0.10503254169624232 7.17429147184177E-7 5.518374845171751E-5 8.658608714831857E-7 2.119281006004351E-4	
http://def.seegrid.csiro.au/isotc211/iso19156/2011/sampling	0.003041646093757509 0.30690101207930387 6.659307198165273E-4 0.009360962862202641 2.7858520027708798E-5 0.6771450971929921 0.0014979698813733097 1.8004611499373763E-4 9.637171644621787E-5 0.0010831048190861783	
http://purl.org/linked-data/api/vocab#	0.004572849147867707 0.6102374148784306 5.754092642885562E-9 5.489996750984312E-9 5.351177480152526E-9 0.38467689861109045 7.520189557539462E-9 5.12794344795836E-4 9.076071009334486E-9 9.82628787181547E-9	
http://reference.data.gov.uk/def/payment#	3.399520039810454E-4 0.8811531571004259 0.002111894598023929 9.727735142577717E-5 8.742386306654897E-5 8.759128861036133E-4 4.293438057107159E-6 0.1153192969954415 5.181724261380651E-6 5.6100392132597735E-6	
http://data.archiveshub.ac.uk/def/	0.056521393806957566 0.9139268120176772 5.543080304615246E-7 0.018167448918384392 0.009263837421841593 3.5970712606869977E-4 4.838636849225764E-5 5.58479710753637E-7 7.10890333749696E-4 0.0010004112190868436	
http://purl.org/dc/elements/1.1/	6.831720544941655E-9 0.0028044693225738313 1.061209815590222E-8 1.0125034130109764E-8 0.05225249122695744 4.178552109627363E-9 1.3869257012097575E-8 0.9449429589727608 1.673872187999661E-8 1.8122324035360716E-8	
http://purl.org/spar/deo	0.009596091684539378 0.9577848567818226 1.332136740481428E-6 0.0028874143198489577 1.2388573783152035E-6 0.025152180358473233 1.741007909799538E-6 2.7541726836632875E-4 3.6608053808131445E-5 0.004263119531112811	
http://simile.mit.edu/2003/10/ontologies/vraCore3#	0.02299925558353673 0.7870076445712182 2.6294207847176794E-7 2.508738121017037E-7 0.02693597988118839 0.14319536193215188 0.0012986760075901858 2.649209606572099E-7 4.1474496913122234E-7 0.018561888542494184	
http://schema.theodi.org/odrs	0.0016270058744843688 0.21151676973510097 6.895143199566173E-7 6.578676450403255E-7 6.41232898075867E-7 0.07264092732822969 9.011461424978663E-7 0.7142101422269204 1.087587795030866E-6 1.1774864640057462E-6	
http://purl.org/ontology/cco/core#	0.011396513002097186 0.8947566988443948 0.00779940380229757 0.010399312038822389 2.0296240430328307E-4 0.04177905558076199 1.578475111021344E-4 0.007297882812815114 1.0888403745132855E-4 0.026101439965954473	
http://purl.org/archival/vocab/arch	0.007620870198958374 0.9824294261909066 4.307162527523771E-6 0.004078540758450283 2.092005687770903E-5 0.0030631944596979845 1.0672079156667813E-8 4.006397085036997E-6 3.5742830384572844E-4 0.002421295799571677	
http://www.w3.org/2002/12/cal/ical	0.00742159033309091 0.9153735959554207 0.012094475276552424 2.5151073771699384E-7 2.4515107325818016E-7 0.06391395956471675 3.445190423927426E-7 0.0011946717241491113 4.1579793553070164E-7 4.5016728128605054E-7	
http://purl.org/ontology/similarity/	0.6469968148738091 0.13219439818355172 3.6447749918483904E-5 1.8940700322247475E-4 1.7205751051280543E-4 5.68953743383139E-5 1.741403634115925E-6 0.21972150587127062 1.2566006568071798E-4 5.050719640615909E-4	
http://semanticscience.org/ontology/sio.owl	0.0665299004731208 0.8919665854764782 0.007620390699362133 0.005206706037126195 9.097068029895568E-4 0.025221305556491554 2.280589702429673E-4 1.7797031641554324E-4 9.158961758298724E-4 0.001223479491943253	
http://www.sensormeasurement.appspot.com/ont/transport/traffic	0.08380231051727757 0.15317275086974802 8.531984396112795E-5 0.005400636256702475 4.1316537586812276E-4 0.7506356749946084 1.2311376709841208E-4 7.938638828884968E-5 2.9928631209248473E-4 0.005988355674354422	
http://online-presence.net/opo/ns#	0.007893881944681557 0.8962157856594382 9.371422659292053E-7 5.013923457395405E-6 4.552507044497682E-6 0.04069308974171893 0.002430175533143532 8.716872548723428E-7 3.2944036765736606E-6 0.05275239745731856	
http://www.bbc.co.uk/ontologies/provenance	9.37916794296371E-6 0.8278292919017567 5.201425337070461E-9 5.856476659212418E-5 4.8372092449432905E-9 2.1711696903282877E-5 6.797892722933761E-9 3.773735083889735E-5 8.204335355526869E-9 0.17204329007510336	
http://lod.xdams.org/reload/oad	0.007683731737810841 0.7413775030539864 0.004908964016021582 0.06271140373336086 7.63619821609835E-7 0.11740960201818226 2.326728345388976E-9 0.0031577843114287793 0.0012002507624769693 0.061549994420182705	
http://data.press.net/ontology/event/	2.2167945556773663E-4 0.0017619697050139393 1.0332523749333273E-6 9.858291364746118E-7 9.609016022523744E-7 4.0684686737974037E-7 1.350387316040819E-6 0.9112277384117357 0.0867821107210196 1.7644893661705697E-6	
http://purl.org/spar/datacite	0.0017189833763784107 0.8470602498729083 4.728239293498531E-5 0.027191668755654246 8.703278735310037E-6 0.018405092827761673 1.2168518208082722E-6 0.09568898040107299 0.009703153421357587 1.7466882137565147E-4	
http://def.seegrid.csiro.au/isotc211/iso19115/2003/lineage	0.012002392304796257 0.5287748997297559 0.002983931628164276 0.001223009714975058 7.1425479508495175E-9 0.44707534690497464 3.635462851135275E-6 0.0012914895575188356 1.2114394005791596E-8 0.006645275440022016	
http://purl.org/spar/pwo	0.009247952161622471 0.8410536967098342 0.004228931740434426 0.0030859488817073216 0.06398067231145099 0.03159498638080728 8.030185166983851E-4 0.0011719626862421073 2.0118915692239007E-4 0.044631641454280516	
http://www.linklion.org/ontology	3.872664427964875E-6 0.5160006645271864 4.184943204194103E-9 3.992866646401063E-9 3.891903592774014E-9 0.4116979491455492 4.528925692740073E-6 4.2164387700692905E-9 6.60101323503367E-9 0.0722929618499783	
http://archivi.ibc.regione.emilia-romagna.it/ontology/eac-cpf/	0.002735799962671147 0.8883757172557175 1.9360824659307517E-5 0.006989319291189023 4.8323323733466306E-4 0.006539234865430529 5.9712627815477615E-9 6.309237792191013E-4 1.499847399788482E-4 0.09407642007253715	
http://purl.org/vocab/frbr/extended	8.506681383069627E-4 8.800327685756113E-7 4.036677427983645E-6 0.999116468367346 3.7540197365389743E-6 1.5894563671374353E-6 5.275650102472915E-6 4.067057156846519E-6 6.367150001217993E-6 6.8934507862104014E-6	
http://vocab.deri.ie/odapp	6.779700264134602E-5 2.2959184421638837E-5 1.0531292109696072E-4 1.0047936843245579E-4 0.9990722862308394 4.146734436073567E-5 1.3763649260783932E-4 1.0610549817198377E-4 1.6611264527661946E-4 1.7984331215104935E-4	
http://purl.org/openorg/	5.734423786155706E-4 0.004876988108312261 0.993121993741139 3.395222391954952E-4 3.1539180925905456E-4 7.456545617687582E-4 6.3035169519383194E-6 4.859451107393776E-6 7.60767624626936E-6 8.236517404340669E-6	
http://purl.org/acco/ns	0.010324082445720898 0.959379373027445 4.4589571661213955E-4 2.7755155461121347E-4 5.328452035580137E-5 0.019303867165911308 8.412688986167225E-4 0.00622308669241073 1.4754160552905009E-5 0.0031368358177632488	
http://www.w3.org/2000/10/swap/pim/doc	8.654021924777367E-7 0.020451372269401406 1.3442782020272403E-6 1.0236299500628167E-4 0.005190323661598349 1.7611277827583088E-4 1.7568759359153454E-6 0.9740714457470517 2.120362874759222E-6 2.2956294611033576E-6	
http://purl.oclc.org/NET/ssnx/cf/cf-property	0.03520474597059056 0.41393244468891266 0.002571222896611694 5.227298523219169E-4 8.509259075169286E-4 0.5245132997840439 0.017350247637092028 9.112793292747137E-6 0.0013863707809032946 0.0036588996887145	
http://purl.org/dqm-vocabulary/v1/dqm	0.0025395480844602474 0.8121864913567967 0.08927573163591682 7.412028392860394E-5 6.556586416423347E-5 0.0823119901508149 0.0021588921134541297 4.014538003658648E-9 6.284929045527415E-9 0.011387650210997389	
http://dati.cdec.it/lod/shoah/	0.11266542107274519 0.8521885471849313 8.59896964585918E-6 0.012532171172954435 0.0012313027882216992 0.0055186922753230365 7.167096365271421E-4 3.0251473625229177E-5 6.529155427564534E-4 0.014455389883269535	
http://rdfs.org/sioc/ns#	9.175648088049466E-7 0.9919173566344055 0.006306275574736603 1.3598880318101578E-6 9.098199091755504E-4 8.562894552880905E-4 1.8627726463422929E-6 1.4360320862320201E-6 2.2481689700891356E-6 2.4339998510212854E-6	
http://sensormeasurement.appspot.com/ont/home/homeActivity#	0.11056977336836542 0.005672789770273999 0.005513588647163256 7.40262456924802E-7 0.8445286382080124 3.0550269868843743E-7 1.014010435872535E-6 7.817118876779468E-7 0.03371104355762955 1.3249610760036112E-6	
http://purl.org/NET/c4dm/event.owl	2.596164639524138E-4 0.030138823816721005 6.229291478501218E-7 3.320600428356401E-6 3.0151923665385584E-6 0.0023107312602388703 0.009435519694927102 5.796353794559154E-7 5.381150110918982E-4 0.9573096553957472	
http://open-multinet.info/ontology/omn-federation	5.191324126272146E-4 0.9981529804411702 2.538158305946578E-5 4.424242024952941E-4 2.3604304641560733E-5 4.4304365084098897E-4 3.317192261643799E-5 2.557260293291706E-5 1.2802898475686075E-4 2.0665989485914275E-4	
http://vocab.deri.ie/pdo	0.017494106384262346 0.8817412392156454 6.872676692103305E-5 0.0020511011036725047 0.012741919580141236 0.03299746482546671 0.0019430533630181404 5.9048791468965116E-5 5.365541854163569E-4 0.050366785783987365	
http://def.seegrid.csiro.au/isotc211/iso19150/-2/2012/basic	8.637233466438463E-9 2.924964649215568E-9 1.3416703557810905E-8 1.280091641075207E-8 1.2477234273453784E-8 5.28287565117884E-9 1.753467666475643E-8 0.9999998828511405 2.1162494551150763E-8 2.2911760312525564E-8	
http://www.essepuntato.it/2013/10/vagueness	0.02712640733856498 0.9550294286848477 0.005322704602380246 0.004667506016159088 2.1760078865823496E-6 0.0047111908183137185 6.516512311886319E-8 0.0011682791537972607 7.066298408805372E-6 0.001965175914518362	
http://id.loc.gov/vocabulary/relators	0.7157526866692488 2.284284407663062E-9 1.047792722813392E-8 9.997021252452109E-9 0.2842472277748172 4.125721820551581E-9 1.3693905158634444E-8 1.0556783315575771E-8 1.6527090795238354E-8 1.789319978552613E-8	
http://purl.org/ontology/service	5.436419726755152E-6 1.8410218481235337E-6 8.444698429552273E-6 8.057111662706045E-6 7.853380692222938E-6 3.32513061221045E-6 0.9999287929086041 8.508252590912817E-6 1.3320029300153234E-5 1.4421046533209072E-5	
http://lod.taxonconcept.org/ontology/sci_people.owl	0.01093272276201612 0.9497427813015185 0.008974634059495832 0.007841838324248592 3.137831834479435E-4 0.004550952257163335 1.6584347337488345E-7 0.0025162834265183044 0.008972875149056158 0.0061539636930618286	
http://purl.org/vocab/vann/	0.0038209880607268537 0.6467201831102389 8.919160034395447E-8 0.10015698655648206 8.294619374428199E-8 0.2243216706994021 1.1656707376029974E-7 8.98628495789097E-8 1.4068409189740817E-7 0.024979652321340758	
http://data.ordnancesurvey.co.uk/ontology/admingeo/	0.0014661207876190217 0.1144188091949623 0.0031359080584596123 0.565800047350553 7.135473971594913E-5 0.3076145927096707 3.3662001945236603E-4 2.8577830483990705E-4 2.705414780407108E-4 0.0066002273566863655	
http://purl.org/muto/core	0.17211459885316147 0.530812106329395 7.525050679545964E-5 3.799031778731244E-5 2.2531492549983588E-8 3.9289057574898885E-5 3.166426372861307E-8 0.29688432604187415 3.82154071862541E-8 3.634648224818007E-5	
http://purl.org/dsnotify/vocab/eventset/	1.5682184583290867E-4 6.098642304336683E-4 1.2033760342326466E-6 9.757926194125391E-4 1.1191128009561772E-6 3.617999971376466E-4 1.5727268308094873E-6 1.2124325512054005E-6 1.8981144405331818E-6 0.9978887155445256	
http://www.w3.org/2000/10/swap/pim/contact	0.14730256374081907 0.8478485079808475 8.842045981228869E-8 2.4798737688823256E-4 8.222905029470878E-8 3.480766741631302E-5 1.1555924796854809E-7 2.1109262122919457E-5 1.3946775308294225E-7 0.004544598295394764	
http://swrc.ontoware.org/ontology-07	0.006582249330604757 0.9721080844524744 6.617793126038088E-4 0.0023812602649978054 3.6033039881372506E-4 0.015534788986826064 2.7953774399223434E-6 2.5936424398266176E-4 1.4039511931657715E-4 0.001968952512940519	
http://www.w3.org/ns/auth/acl	5.8599762369155875E-5 3.600888778732284E-5 4.04543797363305E-7 3.462275297905009E-4 3.7621668480824276E-7 1.5929058637371673E-7 5.287099512136569E-7 0.015876551388709064 6.380968224060275E-7 0.9836805055735021	
http://linkedscience.org/teach/ns#	0.4201964275466491 0.4660021925421193 0.0032843295936892877 1.650024128003458E-4 1.487313940560162E-4 0.0013610173637332798 2.8315239931405617E-6 2.18285324034036E-6 0.10883358494677459 3.6998229445768336E-6	
http://purl.org/net/opmv/ns#	0.03240761985680321 0.8623853602281738 0.056529883525136417 1.0696317923870955E-9 1.0425852362209099E-9 0.04867712800016511 1.4651800721156085E-9 1.1295235625223644E-9 1.7683169119920557E-9 1.91448381220938E-9	
http://purl.org/vvo/ns#	0.01208913192612334 0.9670656948154003 5.320299883002355E-4 3.310555147763066E-4 6.34884835684759E-5 0.01057913563242927 2.5746721785769157E-4 0.007426718803983174 1.752829900903521E-5 0.0016377493185521592	
http://purl.org/ontology/daia	0.003258256147581524 0.4547561834344153 2.0054807092181618E-9 0.4629217458869377 1.865052211371213E-9 0.021773599973136767 2.621020554119222E-9 2.0205738052786524E-9 3.163293755309897E-9 0.05729020288250776	
http://www.w3.org/ns/ldp#	6.513100131129196E-6 2.2056353709065166E-6 1.011716703516785E-5 9.652818888988774E-6 9.408739094333074E-6 0.9999054516311183 1.3222417262228443E-5 1.0193308068696586E-5 1.5958054922527886E-5 1.7277128107716195E-5	
http://guava.iis.sinica.edu.tw/r4r	0.004804132129504943 0.6731075368270606 2.5388957286380246E-9 2.422367898185388E-9 2.361116250768269E-9 0.2701129748680443 0.0032349759680409774 0.005211989107186766 4.004662307080796E-9 0.04352837977312009	
http://reegle.info/schema	0.25993375525876933 0.7115293834455692 8.591504110787169E-8 3.8463927392466685E-4 0.007863771567727915 0.019539066333085286 2.539176433071642E-4 4.636314421402008E-4 2.977439310818741E-5 1.974727326900591E-6	
http://purl.org/net/p-plan#	2.964363807035661E-7 4.6465277528824286E-4 0.4979381709422135 8.663821527401265E-4 4.282281107237777E-7 0.0011732883917664483 6.018033560751967E-7 0.2517074675269011 0.247291979251245 5.567324919980912E-4	
http://purl.org/essglobal/vocab/	0.04758675203992402 0.9476736125659592 8.816115892270189E-7 4.252965419666194E-4 0.001571533943947111 3.885743739875093E-4 0.0018352074848767548 8.882465313349549E-7 5.157476594506174E-4 1.505531767477611E-6	
http://linkedgeodata.org/ontology	0.9292382128459452 0.06208044024885455 3.333498692670103E-5 2.8297524849734584E-4 0.003679783325153443 0.003387928490454148 1.963940689497045E-4 6.257899459917666E-5 0.0010106827294671863 2.76690611527188E-5	
http://purl.org/vocab/frbr/core	0.007131753985095069 0.8293105025656479 0.017847022408690825 0.012057365152708327 4.339611747922432E-4 0.06289884621723511 1.4864914445019815E-9 4.130858220920714E-4 1.3429732195555235E-4 0.06977316386529166	
http://purl.org/ontology/ecpo	8.919814466456372E-9 3.02065957732004E-9 1.3855652617488618E-8 1.3219719002409647E-8 1.2885447082815779E-8 5.455713434281622E-9 1.8108351845145032E-8 1.3959929210614298E-8 2.1854859634990925E-8 0.999999888719853	
http://www.w3.org/ns/rdfa#	2.650752257474573E-7 0.0285787802684222 0.9682777865765997 3.9285794699649514E-7 3.829241972665435E-7 1.6213055502937686E-7 5.381362439002791E-7 0.0018940732049029403 6.494733576813625E-7 0.0012469693525487015	
http://www.eclap.eu/schema/eclap/	0.19101092327453242 0.7088432938421341 0.0027976947511029267 0.05419682496475233 9.634763820203527E-4 0.02184891383072057 3.76022297349871E-4 0.0037507644161469426 7.380040557270403E-4 0.015474082185513419	
http://ns.inria.fr/ast/sql#	9.456172030329661E-5 0.05830345924985327 1.668310803453169E-5 2.5544553027449665E-5 2.328595436176432E-7 0.9409152850403768 1.3183522987808615E-5 1.0131636650866019E-5 1.4036910297327375E-5 6.068813989248312E-4	
http://rdfs.org/scot/ns#	2.4113035123109313E-7 8.165783128873884E-8 3.745614210648881E-7 3.5737015587206273E-7 3.483337453411627E-7 1.4748491704302818E-7 4.895251192787118E-7 3.773803419763189E-7 0.9999969429160247 6.396400922759833E-7	
http://purl.org/spar/scoro/	0.023857456101345455 0.8753790693817706 6.613880696294197E-4 0.008165687167101294 2.511473890823356E-4 0.032749249773925015 1.9564570140263786E-4 6.336415406264033E-4 3.0510581907756924E-4 0.057801609056039455	
http://purl.oclc.org/NET/ssnx/cf/cf-feature	0.04930223166759394 0.5142973417637329 0.003950047902978339 6.909896176957443E-4 9.761096797454825E-4 0.41401416815683145 0.008707915334628582 1.29703196062195E-5 0.0024832458005829934 0.005564979756604253	
http://www.bbc.co.uk/ontologies/cms	0.15516926505734907 0.7447222787987589 1.7145331620218156E-8 0.02115146670702351 0.008504885920754842 0.07033841300791982 2.240772817071934E-8 5.580726738606514E-5 2.7043750756444448E-8 5.781664399730329E-5	
http://www.w3.org/ns/dcat	0.0015524308295503547 0.41153929909166165 2.820764023317273E-7 2.6912992689563927E-7 2.6232474614503744E-7 0.49430430275026194 0.09194250643516261 1.3727294745376282E-4 4.449260059769387E-7 5.22929488828245E-4	
http://www.opmw.org/ontology/	0.014632278344610044 0.8879879566133201 0.003092135347067978 0.001591129040429648 2.846690357098979E-4 0.08354324459594936 2.2098393259951582E-4 2.760670260691103E-5 2.1541715899462546E-4 0.008404579228711913	
http://purl.org/ontology/ao/core#	0.011460386822845087 0.8909034953221369 0.005755267516779656 0.002775113545653013 3.7986643607715477E-4 0.04132365589692072 2.950209133386031E-4 0.013700057706923627 2.026154764889489E-4 0.033204520362836505	
http://sw-portal.deri.org/ontologies/swportal	0.0021812393786260396 0.08708971636672598 0.005747565767255113 9.661640633903188E-4 0.8824257638107791 9.632641098078783E-5 1.4118490408901522E-7 0.020434175298638627 9.229186300821758E-4 1.3598908861903536E-4	
http://purl.org/lobid/lv	2.300958783772278E-6 0.9016391174970723 3.574209498975539E-6 3.410163818091176E-6 3.3239349046479256E-6 1.4073579439978945E-6 4.6712374337398655E-6 0.09833045326012886 5.637688029762399E-6 6.103692385720506E-6	
http://purl.org/swan/2.0/discourse-relationships/	7.104834318285975E-6 2.4060237922559257E-6 0.9999035523772811 1.0529805703877046E-5 1.0263550546339745E-5 4.345599360209236E-6 1.442371252460544E-5 1.1119399905614665E-5 1.7407890863641867E-5 1.8846805703852047E-5	
http://ns.inria.fr/nicetag/2010/09/09/voc	0.07315262424883619 0.9218565948154521 3.0191346407894433E-4 0.0013736633012450194 3.6117051022954916E-4 1.5726521495507066E-4 3.861475609625045E-6 0.002638919825517852 4.660391412425667E-6 1.4932675266311627E-4	
http://rdvocab.info/ElementsGr3	3.8662785971273684E-10 0.7602570383903462 0.11438930526838932 0.03054388282799807 5.585175393283681E-10 0.07920243191896179 7.849034689165478E-10 6.050907866680481E-10 9.4729521973518E-10 0.01560733831186988	
https://raw.githubusercontent.com/airs-linked-data/lov/latest/src/airs_vocabulary.ttl#	0.04618903871049809 0.8772777548531379 1.4579023462923912E-8 9.495002314695326E-4 4.7180537052902445E-4 0.07101536544737459 4.886867767024182E-4 6.179860971664637E-4 4.76830278786113E-4 0.0025130176553119993	
http://purl.org/linked-data/sdmx/2009/code	8.542763138509177E-6 0.19095322984071525 1.3402643622864071E-9 5.127788215936217E-7 1.9955118316245183E-6 0.7770285025428344 0.03196532488654752 1.350351090457593E-9 2.1140317472003126E-9 4.188687146405327E-5	
http://purl.org/spar/fabio/	0.023108086182122164 0.9304923041589869 4.540820189058085E-4 0.0016218017305764734 6.685897455913426E-4 0.031878169211927876 3.630313214968744E-8 0.010217510022657217 2.5377137589550658E-5 0.0015340434885109855	
http://rdf.myexperiment.org/ontologies/base/	0.07238967036810111 0.8884606297602627 0.007728052160991015 0.004704127768764734 0.004406578094694487 0.01714700173080993 0.0022231724977077516 0.0015484217039689158 7.547238786449635E-4 6.376220360544088E-4	
http://dati.camera.it/ocd/	0.031883570796119844 0.6898355270308483 0.010970750082822169 0.09809594106684162 0.0010733266460491984 0.10815312257749912 0.0012469476672226911 0.005130880738700732 0.002595440419846056 0.05101449297405031	
http://www.wsmo.org/ns/wsmo-lite#	0.02081497059998796 0.8992392272934633 1.109420426237802E-6 1.0585012987324433E-6 1.0317361866332073E-6 2.0238377325162917E-4 1.4499335381104713E-6 1.1177698404145184E-6 0.07973575641014369 1.8945618632963106E-6	
http://data.press.net/ontology/stuff/	0.1685349080733652 0.8313717012819596 2.957542632131659E-6 1.5835482584537425E-5 1.4378017147561852E-5 4.744998565227772E-6 2.971020544048122E-9 2.7507616063724834E-6 1.0402134884501844E-5 4.2318736234252264E-5	
http://purl.org/ontology/po/	0.1509162742891881 0.7924052087967447 0.0055836685638960635 0.011912035613416524 0.002057631907389334 0.013701808885157355 1.534047553219572E-4 0.003017649471683257 4.2751254134908793E-5 0.020209566463067968	
http://salt.semanticauthoring.org/ontologies/sao	1.1629340269900298E-6 0.00414975386134476 0.02014303344584085 1.723540451761936E-6 1.6799592549752926E-6 7.112967223805163E-7 2.3609032018121117E-6 0.9572168943650997 0.01847959480978361 3.0848842733276987E-6	
http://www.ontologydesignpatterns.org/ont/dul/ontopic.owl	0.02144745315246612 0.8096908571764407 0.1387353372894037 0.004561453935311011 5.284576368824924E-4 0.0147651244321585 4.07962053458224E-5 1.0502982861323015E-4 5.777673432898882E-4 0.009547723000088161	
http://mex.aksw.org/mex-perf	0.006664061752467367 0.869314987456756 0.0010194965030545149 8.848159735720181E-4 3.876898474597413E-4 0.068978109209316 3.0331047615642635E-4 0.043224928289609006 2.1251871040543663E-4 0.009010081781203836	
http://www.ontologydesignpatterns.org/ont/dul/IOLite.owl	0.0055704845595938675 0.8547429290340097 0.10670551442104226 9.989742608843798E-4 7.00026910469644E-5 0.01991203692521852 5.889393450610452E-5 8.231484982143398E-5 0.0012773862845590872 0.010581463039317712	
http://www.aktors.org/ontology/support	1.9743246047614326E-7 4.033385870108043E-5 3.066830143228599E-7 2.926071679253048E-7 2.852083450235859E-7 1.20757548381036E-7 0.02870343894799032 3.0899108748158915E-7 4.837386166857341E-7 0.9712542317750682	
http://securitytoolbox.appspot.com/securityAlgorithms#	8.11510860840715E-7 0.008039100545518658 1.2605657466769116E-6 1.2027094944699856E-6 1.172297954606168E-6 0.9919429386610732 1.647469714703407E-6 1.270052669097909E-6 1.988321172221686E-6 8.607865795177496E-6	
http://contextus.net/ontology/ontomedia/ext/common/trait#	0.0743357571848765 0.9191048012687992 0.0016415402548317652 2.323085379496858E-5 2.596986269948263E-7 0.0014060958877497103 3.649632085793129E-7 2.813541839596978E-7 4.4047187527865907E-7 0.0034872280620527794	
http://purl.org/spar/biro	0.008432115067911021 0.8143727397427067 0.0048745476174855765 0.006221045251913105 3.48173337377491E-4 0.05464903976199778 4.3460462107876E-9 0.05887461093320874 2.682505623909203E-4 0.05195947337896256	
http://ontologi.es/doap-bugs#	7.831155089375276E-5 0.5317041296125093 1.4299571247656107E-7 1.3643263075919518E-7 1.3298281481599664E-7 3.0624609932408225E-4 1.8688521900472583E-7 3.278865558962205E-5 0.4678776805909348 2.4419437128238627E-7	
http://kmi.open.ac.uk/projects/smartproducts/ontologies/food.owl	0.041915305978504555 0.7822517371351161 0.003409289761755922 0.0022815673604858486 1.5254450481419967E-4 0.15798773706667218 0.004001302596380399 9.637679808577051E-5 0.0014406079918639274 0.006463530806321497	
http://www.w3.org/1999/02/22-rdf-syntax-ns#	0.0015436994074657074 0.12700991642681705 1.1308656640158049E-7 1.0789622633070909E-7 1.0516797781907837E-7 0.8649138065284044 1.4779609375991617E-7 1.7911692242602483E-4 1.783742060760172E-7 0.0063528083938163464	
