http://lod.geodan.nl/vocab/bag	1.749553815863117E-6 3.95167802886474E-6 1.044997158194441E-6 0.0010854644593486066 5.34460434756125E-6 0.0010424131297627262 2.3481678895129006E-6 0.9978524709555926 2.351697004278797E-6 2.8607570517463016E-6	
http://www.w3.org/ns/auth/cert#	1.5134777712302508E-5 3.4184583529345324E-5 9.039904663611727E-6 1.5623915344805018E-5 4.6234301584281065E-5 4.292028147580266E-6 2.0313178546846596E-5 1.4803734644737112E-5 2.0343707683486324E-5 0.9998200298681431	
http://purl.org/dc/dcam/	6.269979473217738E-6 1.4161862242302108E-5 3.7450181137855575E-6 0.9959794892281298 1.9153774664054774E-5 0.0017878355072563335 8.415268129178148E-6 0.002162249182142037 8.42791562646584E-6 1.0252264222843184E-5	
http://purl.org/rss/1.0	4.117175790510579E-7 0.0022627571543669517 2.459162422933508E-7 0.9831176428042284 1.2577307099742503E-6 1.1675780587806913E-7 5.525877454639689E-7 4.02712078413353E-7 0.014615939405332136 6.732139114092738E-7	
http://data.lirmm.fr/ontologies/oan	3.456086028321938E-8 7.806184125435749E-8 2.0642977914287295E-8 3.567782530890605E-8 1.0557784644882455E-7 0.9999995423204596 4.638594229864315E-8 3.380491041574588E-8 4.645565678312582E-8 5.651167964836928E-8	
http://data.lirmm.fr/ontologies/vdpp	2.1294868051823687E-6 4.809824164594272E-6 1.2719286709853573E-6 1.468769965233043E-4 6.505238269242508E-6 3.185600459889886E-4 2.8580958709199695E-6 0.9995106439934778 2.862391368011749E-6 3.481998861247255E-6	
http://purl.org/ctic/sector-publico/elecciones	1.637754778302657E-4 3.6991600460681143E-4 0.9978825458285098 1.6906850234708738E-4 5.003076343803321E-4 4.6444617429664854E-5 2.1981165405931725E-4 1.6019321599573287E-4 2.2014201397843602E-4 2.677950508626762E-4	
http://www.w3.org/2003/g/data-view	1.087125811602335E-6 2.4554667283563036E-6 6.493332033709491E-7 1.1222603973774066E-6 3.3209937793022303E-6 0.9999856035053037 1.4590885399006088E-6 1.0633471033620534E-6 1.461281437152083E-6 1.7775976957545178E-6	
http://www.w3.org/2004/03/trix/swp-1	6.215569586993427E-7 1.4038967850602832E-6 3.712519441286E-7 6.416449246426103E-7 0.9690923713590706 1.7626555293861072E-7 8.342241768659515E-7 6.079616402753932E-7 8.35477951297411E-7 0.03090213636099553	
http://www.w3.org/ns/regorg	0.002104489589813194 9.29479958395979E-5 2.590803179057004E-4 0.8691645973693022 3.034759703091866E-6 0.11743988372266803 1.3333307432644073E-6 0.008219974479096146 0.0027130340471058847 1.6243878230082726E-6	
http://www.w3.org/ns/radion#	0.921223008768548 6.346034058039024E-6 0.005682095836547546 0.07306427980403164 8.582946527683331E-6 7.967731061934671E-7 3.7709432023548445E-6 2.7481687515961118E-6 3.776610638399866E-6 4.5941145886758516E-6	
http://semweb.mmlab.be/ns/oh	2.3259433942455588E-6 5.253556263365824E-6 0.05345946834034703 0.2142691288216591 7.105381420309962E-6 0.7322443914240503 3.1217705575393314E-6 2.2750680229086795E-6 3.1264623372964583E-6 3.8032319478941418E-6	
http://vocab.deri.ie/c4n	8.101823619497692E-6 1.829940759788055E-5 4.839166753147815E-6 8.363664718159665E-6 0.9999151620679606 2.2975728935449654E-6 1.087388218487937E-5 7.924612391499799E-6 1.0890224788980489E-5 1.3247577091561806E-5	
http://www.w3.org/ns/hydra/core	1.6829269944524597E-7 3.335933712490179E-4 2.0700026854234964E-4 0.995062119095657 5.141070168648376E-7 2.976521722334209E-4 2.2587445398575305E-7 1.6461163240004374E-7 0.004010534390079723 8.802781643505093E-5	
http://labs.mondeca.com/vocab/endpointStatus	0.9987735577926138 2.2114571816589298E-4 5.848063666680296E-5 1.0107368944612068E-4 2.990973348842238E-4 2.7765839132428442E-5 1.3140930776933853E-4 9.576780500301728E-5 1.316068057976934E-4 1.6009507052079547E-4	
http://purl.org/ctic/dcat#	3.1957638623154515E-6 7.218200278064463E-6 1.9088090483987844E-6 0.890054525340487 9.76254247079795E-6 0.10990645312417692 4.289202204536239E-6 3.1258629035894064E-6 4.295648543787171E-6 5.225506024417261E-6	
http://purl.org/cld/cdtype/	1.6861516626068612E-6 3.8084730049702004E-6 1.0071274628609998E-6 2.817610866484099E-4 0.9997023230876011 4.781709077309548E-7 2.2630725360276652E-6 1.6492704589723913E-6 2.266473759057269E-6 2.7570859583628417E-6	
http://vocab.deri.ie/csp	1.2471767606322805E-6 2.816970223159387E-6 7.44930598195929E-7 0.11726410008489023 3.8099235797238013E-6 3.5368327592221797E-7 1.673901308613742E-6 1.2198972571942895E-6 0.8827219941294678 2.0393026384231274E-6	
http://purl.org/ctic/empleo/oferta	9.307589730998555E-4 4.5514129560074385E-5 1.2035934026142118E-5 2.080203512289823E-5 6.155739737534315E-5 0.9960736776438499 2.7045426467297535E-5 1.9710027943301677E-5 2.7086073651990744E-5 0.0027818123589031358	
http://data.press.net/ontology/classification/	9.750916557015427E-7 0.3541509668135534 5.82415927963057E-7 0.64583905282756 2.9787475269871337E-6 2.7652344238526445E-7 1.3087216263311979E-6 9.53763471105976E-7 1.3106885337386964E-6 1.5944067023574266E-6	
http://purl.org/ctic/infraestructuras/organizacion	0.995013261711279 2.300161066418562E-5 6.0826356809424316E-6 0.0036071922291185305 3.110944450907985E-5 0.0012653831913755189 1.3668027398536551E-5 9.96091528749657E-6 1.3688569386836567E-5 1.66516652997653E-5	
http://purl.org/ontology/dso	7.189731076787881E-6 1.6239284594725253E-5 4.294379787179649E-6 7.422094452324682E-6 0.9999247130096729 2.0389151886930188E-6 9.649714970566643E-6 7.032470053476293E-6 9.66421774600336E-6 1.1756182457258968E-5	
http://zbw.eu/namespaces/zbw-extensions	1.9938428282596904E-6 4.503448151182677E-6 1.1909094024580486E-6 2.058281406687195E-6 6.090867826785556E-6 5.894634353018412E-4 2.6760409789082443E-6 1.950231494240967E-6 2.680062861574721E-6 0.999387392879748	
http://purl.org/prog/	0.015277169526967919 0.8599323133182779 9.061231451221281E-7 0.07085335519616447 4.6343376753417865E-6 4.302153826569572E-7 0.05392518766706552 1.4838659360908877E-6 2.0391702208771855E-6 2.480579164097916E-6	
http://www.w3.org/2003/06/sw-vocab-status/ns	8.806721103316457E-7 1.9891543760913894E-6 5.260197452935476E-7 9.091343632465633E-7 2.690311065014254E-6 0.9999883375123376 1.1819962049296162E-6 8.614091649177533E-7 1.1837726538277892E-6 1.4400179789066096E-6	
http://www.w3.org/2004/03/trix/rdfg-1/	3.4095989323254744E-6 7.701184762621452E-6 2.036531350197511E-6 0.9999574005358757 1.0415774074464176E-5 9.66918369577707E-7 4.576201461430525E-6 3.335020758058189E-6 4.583079138372356E-6 5.575155277212636E-6	
http://www.w3.org/2004/09/fresnel	2.970861203524891E-5 6.710217678548096E-5 1.7744761475325335E-5 3.066875829124876E-5 9.07550117086679E-5 0.9996065773887144 3.987348556566263E-5 2.90587954176408E-5 3.993341233125124E-5 4.857759767481356E-5	
http://inference-web.org/2.0/ds.owl	1.47142260046569E-5 3.323469280404355E-5 8.788711853548512E-6 0.0021432913233680713 4.4949584038197375E-5 0.9976770421822605 1.974873405430262E-5 1.439238166666754E-5 1.9778414874515716E-5 2.405974907553481E-5	
http://purl.org/ontology/olo/core#	1.2729427858812874E-8 2.8751673674509697E-8 7.603204781293424E-9 0.9612295155618527 3.888634625543949E-8 0.0016166771909231206 1.708483241779513E-8 0.03715366426689397 1.7110509599834702E-8 2.08143357361257E-8	
http://ontologi.es/doap-deps#	8.417969647171086E-6 1.901347955162236E-5 1.5842886795419442E-4 0.9994537430844953 2.571553773652496E-5 2.387227837628942E-6 1.1298198341289501E-5 8.233843355550252E-6 2.989972724868232E-4 1.3764518593931116E-5	
http://data.press.net/ontology/identifier/	3.335650583814589E-6 7.534159283649754E-6 0.004977540396465135 0.538436721390828 1.0189873812715856E-5 0.4565470009678913 4.476951506452659E-6 3.262689882139091E-6 4.48368001838666E-6 5.454239728602808E-6	
http://purl.org/vocab/changeset/schema	2.6705441638868905E-7 0.002524885217541908 1.595098725624393E-7 0.9917565108167132 8.158081117169188E-7 7.573319502037787E-8 0.005716229010514502 2.6121313382156317E-7 3.5896642064186667E-7 4.3667008008384E-7	
http://data.press.net/ontology/tag/	2.361354515367561E-6 0.837178110271517 1.4104217519204198E-6 0.16279772054870997 7.213556676300758E-6 6.696497457068667E-7 3.1692976794811707E-6 2.309704596403687E-6 3.1740608888275425E-6 3.861133918980429E-6	
http://www.w3.org/ns/adms	1.6231489604222533E-7 1.409345162791557E-4 9.694963570644594E-8 0.999682892320309 4.958457929076374E-7 8.187289561845668E-5 2.1785133067652849E-7 7.763392846256792E-5 1.542797087310075E-5 2.654068021492593E-7	
http://vocab.deri.ie/ppo	4.940756990943362E-6 1.1159577184791384E-5 2.951082137658053E-6 5.100436255697664E-6 1.5093214655424772E-5 1.4011350862619812E-6 6.63124895663529E-6 4.832687788906286E-6 6.6412152110559E-6 0.9999412486457326	
http://open-multinet.info/ontology/omn-lifecycle	0.9987735577926138 2.2114571816589298E-4 5.848063666680296E-5 1.0107368944612068E-4 2.990973348842238E-4 2.7765839132428442E-5 1.3140930776933853E-4 9.576780500301728E-5 1.316068057976934E-4 1.6009507052079547E-4	
http://purl.org/reco#	5.014326002175719E-6 1.1325745863145976E-5 2.9950244313857027E-6 5.176382928013902E-6 1.5317956103051666E-5 1.421998310882866E-6 0.9999389047132823 4.904647624793019E-6 6.740104437414183E-6 8.199101016736799E-6	
http://rdf.insee.fr/def/demo	2.317614696291635E-6 0.9963035043971002 1.384296241393193E-6 0.003122697664308504 7.079938593178572E-6 6.572456960265506E-7 5.531870413102801E-4 2.2669214986061894E-6 3.1152671549304197E-6 3.789613400589383E-6	
http://www.holygoat.co.uk/owl/redwood/0.1/tags/	6.389243410752651E-6 1.4431241027521189E-5 3.816253690919022E-6 0.9999201729145102 1.9518106731623616E-5 1.8119071903118286E-6 8.57533851167061E-6 6.249491458109287E-6 8.588226582365749E-6 1.0447276886774137E-5	
http://purl.org/wai#	1.0957210792961325E-5 0.9998765382891672 6.544671010724655E-6 1.1311334536829954E-5 3.3472509339368595E-5 3.107323942004937E-6 1.4706246992444048E-5 1.0717543667231815E-5 1.4728349344513394E-5 1.7916521206277233E-5	
http://purl.org/net/ns/ontology-annot	4.937013282916845E-7 1.1151121355298896E-6 2.948846045110714E-7 0.9835128647444198 1.5081778232027502E-6 0.01648110696792907 6.626224329844234E-7 4.829025967023902E-7 6.636183032639307E-7 8.072684267046595E-7	
http://www.w3.org/ns/locn	9.306591504167035E-6 2.1020589842498153E-5 0.9993792234617426 9.60736923751398E-6 2.843013399368295E-5 2.0322143905615878E-5 1.2490864317950414E-5 3.6149289222430723E-4 1.4288841774819205E-4 1.5217535483544728E-5	
http://rdaregistry.info/Elements/m	0.030422749161427176 2.1518058214768743E-5 0.04664522822180249 3.4819547779234744E-4 3.22065397954126E-8 0.866728247056413 3.2406144648182737E-4 0.0015358071471794031 0.053022428096896 9.517331272530468E-4	
http://purl.org/ctic/infraestructuras/localizacion	1.0452570944395094E-4 0.006247115490239626 2.83953005426642E-7 0.9933764917790915 1.4522685113598502E-6 4.005649703755196E-5 1.971224621571876E-4 4.650010260431387E-7 3.1709497122312984E-5 7.773423652580646E-7	
http://ns.nature.com/terms/	0.00792677221630215 5.041130927723462E-4 0.16182701120312065 4.591830281726181E-4 5.533464691556321E-6 0.810225510681009 0.006919645841546613 0.007525357333608449 0.002720117076659507 0.0018867560621172227	
http://purl.org/uco/ns#	0.020845980821700513 4.4184540909206817E-4 0.026212996648546587 0.003555774364029189 7.672447339254767E-7 0.942552436311126 4.3645767310811066E-4 0.004841742603069937 5.667348441856409E-4 5.452640804081133E-4	
http://contextus.net/ontology/ontomedia/ext/common/being#	0.035932742980807564 6.516211851263307E-6 0.01002989787397894 4.985695185282086E-4 2.9220276272763718E-5 0.9440213035375626 3.3434628504319266E-5 0.0054685699246554715 0.003950192883515741 2.9552164322997728E-5	
http://salt.semanticauthoring.org/ontologies/sro	1.7032828405257666E-5 3.847166812943929E-5 1.017359804432584E-5 1.7583308730726667E-5 5.2032539908522166E-5 0.9997744391484589 2.2860651879449544E-5 1.6660269265521636E-5 2.289500967152484E-5 2.785097750622031E-5	
http://def.seegrid.csiro.au/isotc211/iso19103/2005/basic	0.0010544761282914364 3.5078650464531875E-9 0.855344351036058 5.316621095810384E-4 4.7443518021932394E-9 0.06377282288971926 2.0844451401807266E-9 0.07922204171873876 7.452918641588875E-5 1.0659453341288194E-7	
http://www.w3.org/TR/2003/PR-owl-guide-20031215/food	0.01500745060837357 2.3229803095746305E-7 0.0013229757973336079 5.110971570321673E-4 3.141807245216913E-7 9.566656479267948E-5 5.363731292662525E-4 8.361905402739085E-4 0.971050623385432 0.010639076338739872	
http://www.w3.org/2006/time-entry	3.8761210202432395E-4 5.293328043365068E-8 0.16759541410460485 1.0177968563175827E-5 7.159172348300948E-8 0.8270403426993647 3.145403762476787E-8 0.0022333260070077185 3.150131061113499E-8 0.0027329396380829153	
http://www.w3.org/2006/time	8.50761608520971E-5 5.3142854179912314E-8 0.05693432176102387 1.0469007981771047E-5 7.187516984357408E-8 0.9428527993641693 4.5598242674219096E-7 1.1661718442475806E-4 3.1626030780050294E-8 1.0389506695532823E-7	
http://www.essepuntato.it/2012/04/tvc	3.5968603466993756E-4 1.1774147738960464E-5 0.04803401182149023 1.7189358152445983E-4 8.288817497834992E-8 0.950591121516591 1.0776569835250101E-4 3.588707693693692E-4 3.646930872680069E-4 1.0045482025717877E-7	
http://owlrep.eu01.aws.af.cm/fridge	0.006047655400443181 1.2352531793199749E-5 0.20842523649635816 3.5997618320210846E-4 2.963821213194712E-6 0.7376583185020807 0.007086219026550182 0.03720192927587016 5.899645292473103E-4 0.002615384233241946	
http://securitytoolbox.appspot.com/stac	2.7050340447174265E-6 7.215500198990396E-8 0.0039961242748429255 8.57169460279483E-6 9.758890641308654E-8 0.057081936813218666 3.0762488849208815E-5 0.0020517787755733657 4.2940416902369987E-8 0.9368279082345433	
http://contextus.net/ontology/ontomedia/core/space#	0.008109250662003239 2.7981718063103374E-7 0.01166723887253555 1.2788922639494315E-7 3.7844989121054315E-7 0.005754181613154835 1.6627309049279686E-7 0.048598102543120615 0.9258700713104164 2.0256938111933363E-7	
http://spinrdf.org/sp	0.003215044211651018 1.7399925763063556E-8 0.05911307687008049 2.696901717928047E-4 2.353322264648894E-8 0.5847389983086904 0.021062244964277242 0.0021148665516939696 0.001943076946752997 0.3275429610419126	
http://purl.org/net/cartCoord#	1.9734267991890317E-4 7.677951768568358E-5 6.573642937257292E-4 0.9979368374636397 1.1512734922243226E-6 7.007128541856546E-4 5.058154487566683E-7 2.5357572667759605E-4 1.7511414368705399E-4 6.162315387989677E-7	
http://www.ontotext.com/proton/protontop	0.00939985540932726 5.934751078093142E-5 0.07274434300767452 7.929551676303835E-4 7.557712914640995E-6 0.8980166551006056 1.605051157425682E-9 0.013909868082903792 0.004489094153132676 5.803222499791257E-4	
http://www.w3.org/2006/gen/ont	0.010356857114147947 3.5645520999768156E-10 0.264793092306127 1.6291630466808644E-10 4.821020465606552E-10 0.7218575715879912 2.1181297465335165E-10 0.0029898451950641698 2.12131313175821E-10 2.632371251712614E-6	
http://commontag.org/ns#	0.007059275718821583 0.9359875964746814 1.89447842170506E-4 0.024508949538070972 1.385956226234578E-6 0.02962056011200397 7.99855407398218E-5 4.050583678721471E-4 0.0021469986014131318 7.4184800029612E-7	
http://purl.org/spar/doco	9.522434283781358E-4 8.619274386485772E-4 0.00320249350340523 0.07225733110235391 2.5429381038229317E-7 0.8821269223375522 0.025007626403001987 0.002959052196591201 0.009647829899518684 0.0029843193967400046	
http://www.linkedmodel.org/schema/vaem	5.170025393384198E-4 2.9414958830937916E-5 0.1914368820145142 1.482907614889157E-4 8.542116989790916E-8 0.7439210458723704 0.04382031482095872 0.002490312457272389 0.008213526826941703 0.009423124327114429	
http://purl.org/biotop/biotop.owl	0.8946324255099025 0.0013537698745809765 0.007851453395083056 0.017089219185988595 1.1412006640070388E-4 0.07428312786099486 1.0356782959242856E-4 0.003193583008383812 9.582523297298488E-4 4.2048093934591305E-4	
http://purl.org/wf4ever/wfdesc	5.011706591071104E-7 9.007877982334868E-4 0.03976360782056652 7.048296117433138E-4 1.5309954225172391E-6 0.10528602134476574 0.0023692172372998207 0.05470595425801668 6.736583504710178E-7 0.7962668761049422	
http://resource.geosciml.org/ontology/timescale/thors	2.2798333711742896E-4 8.936869884603399E-9 0.9642878957777992 1.1518538527614001E-4 0.003695665945439883 0.014668730077667539 5.310470828467096E-9 0.01698821473186418 1.626294947508516E-5 4.7548019957300384E-8	
http://code-research.eu/ontology/visual-analytics	8.606208030898362E-5 1.0259234056470502E-6 0.08903126927703557 3.183357250289332E-5 1.387550973038484E-6 0.8248465226507172 0.0021803526920276075 0.0030877963524522357 9.041294611190143E-4 0.07982962043945765	
http://def.seegrid.csiro.au/isotc211/iso19156/2011/sampling	0.0010362491174646673 4.36513997501339E-6 0.7575354079970935 2.8286756593863516E-4 9.89423118880431E-9 0.22689520686400216 8.355361921152391E-4 0.007171416294265396 7.739575819023032E-4 0.005464983353011056	
http://purl.org/linked-data/api/vocab#	4.087477813176981E-9 9.232294612118015E-9 0.21184862425950754 5.985533787045666E-5 1.2486584575329829E-8 0.43928956052144963 3.5011656410272824E-5 3.9980723908046595E-9 0.0052956928425508115 0.34347122557778176	
http://reference.data.gov.uk/def/payment#	1.38392567514975E-4 5.047537053170449E-6 0.0035101733899432505 0.07525280057874816 6.826742533627269E-6 0.9176084967391833 0.00301444261300756 1.6244563480363532E-4 1.8602307827773673E-4 1.1535111893474838E-4	
http://data.archiveshub.ac.uk/def/	0.005427764589041338 6.264967813779263E-5 0.013172886391285107 4.0532671178865403E-7 1.1994430985721315E-6 0.9604378121638695 1.0925522168292193E-5 0.0044756823206258565 0.01638171478281113 2.8959782250619266E-5	
http://purl.org/dc/elements/1.1/	1.1845884183588973E-8 2.6756033359094637E-8 7.075469868895685E-9 0.8837335543972443 3.6187263023448545E-8 0.004845515774557233 1.5898982135093506E-8 0.11142079677206658 1.592287707585403E-8 1.9369622360346708E-8	
http://purl.org/spar/deo	0.0016218341910878798 1.7028794245723292E-4 0.011113456961584844 1.1016974764240444E-4 3.119794569183403E-6 0.9718539786915988 1.370691065761673E-6 0.004378174336492333 0.005019256190816161 0.0057283514526853384	
http://simile.mit.edu/2003/10/ontologies/vraCore3#	0.0011839096385333988 5.772192421222261E-7 0.1347716243274339 2.638155461677168E-7 7.806831549555009E-7 0.8093540506635077 3.429954767721227E-7 0.05033203788156732 0.0018016148952829912 0.0025547978802547334	
http://schema.theodi.org/odrs	6.689781151791484E-7 1.5110058893733491E-6 3.9957629363438727E-7 0.7088570434495023 2.0436200992456607E-6 0.22825852609621516 8.978705968387556E-7 0.026056810219283643 8.069355791059631E-4 0.03601516360489879	
http://purl.org/ontology/cco/core#	0.0051755269036682615 8.617535953635859E-7 0.09199923583678973 0.006423435130737259 7.921303274787103E-6 0.877137500915133 0.00961281531380322 0.003657528333094775 0.0018313075873142828 0.0041538669225896375	
http://purl.org/archival/vocab/arch	0.006981669529080217 1.3772097723324939E-8 5.627785851484407E-4 2.566975769196106E-4 7.594323079348365E-6 0.9822059051982073 8.183662082013279E-9 0.004979303638421312 0.0050003422608907114 5.686932493164156E-6	
http://www.w3.org/2002/12/cal/ical	2.3787836765201154E-7 5.372905425769474E-7 0.021425701202329107 5.848162095150297E-4 7.266799948742956E-7 0.7998052771033444 0.019439353606808395 2.3267525294283685E-7 0.008650450217574148 0.15009266713627079	
http://purl.org/ontology/similarity/	0.039343450108762314 2.2875722851505547E-6 8.077838484358344E-5 0.3340876727740019 2.0625576519287808E-5 0.6111463508125511 1.3593222286061008E-6 0.015237292866491827 6.53889167166455E-5 1.4793665599669909E-5	
http://semanticscience.org/ontology/sio.owl	0.04289992290177733 0.0012529593917719726 0.057767783834958994 3.194745799661754E-4 1.3128411168124288E-4 0.8827077313498815 0.004311028591617842 0.006837086862368609 7.563548935868387E-4 0.003016373482389636	
http://www.sensormeasurement.appspot.com/ont/transport/traffic	5.036879100727736E-4 4.829244075576339E-7 0.8568190825280093 1.7576399283642405E-4 1.0250957864955006E-4 0.06176467324313518 2.8696355791280274E-7 0.07861492791846819 0.0019419076844091202 7.667725645389181E-5	
http://online-presence.net/opo/ns#	0.02956687110937489 3.520092095756411E-9 0.07727782383958424 3.752332151177406E-6 2.181063462468043E-6 0.887495425492143 2.091710702898032E-9 0.0016369162492821678 7.950192123020999E-6 0.004009074110076209	
http://www.bbc.co.uk/ontologies/provenance	3.869209941849153E-9 8.739297858481296E-9 4.43745483953245E-5 2.9162078442932047E-5 1.1819811479552754E-8 0.9998883277910091 5.1930694905501E-9 2.08189673940611E-5 1.6647998546081675E-5 6.389948237502433E-7	
http://lod.xdams.org/reload/oad	0.0029519046129585797 4.66960864596125E-7 0.1948919252059027 0.0070892353640790474 2.8737942994135003E-7 0.7622808424224512 0.004835948845535479 0.019735747568411788 0.00673532801449198 0.0014783136258748983	
http://data.press.net/ontology/event/	0.0016654873336287741 0.0415906337881085 2.4827233102369368E-5 0.9498009254917464 1.8372091844174225E-6 0.0068461187215792686 8.071833446634254E-7 5.882549605169367E-7 8.083964788150166E-7 6.796638786623085E-5	
http://purl.org/spar/datacite	2.2160012242398576E-4 1.4362882132592301E-5 0.017875514247355156 0.07789436421102737 1.8278332018876428E-6 0.8824234347840064 1.0598785680046233E-4 0.012607141661264146 9.380286434440371E-4 0.007917737758344137	
http://def.seegrid.csiro.au/isotc211/iso19115/2003/lineage	0.0039495874081926004 1.3437441498102535E-8 0.5065183853673453 0.0010083147906431505 1.8174002974501187E-8 0.4160123076147644 0.003989567846341852 0.006139343209775934 7.996803050611332E-9 0.062382454154689224	
http://purl.org/spar/pwo	0.0054661433600838045 2.8267693285197166E-4 0.25847976525624267 0.0012321550189514155 2.5144046452804926E-7 0.5672328382976592 0.0052319004621721975 0.1575472111349735 1.502387223198808E-4 0.0043768193742807085	
http://www.linklion.org/ontology	4.381509429136115E-6 6.668874712845809E-9 0.15529570707224066 3.047980206316389E-9 9.01958523019057E-9 0.6539122901926989 3.962781720956118E-9 0.002753301156960272 3.968737475460687E-9 0.18803429340071176	
http://archivi.ibc.regione.emilia-romagna.it/ontology/eac-cpf/	0.001913290731315809 6.950767669901698E-9 0.01652612194651938 0.0020683333658631634 2.636043136688376E-5 0.9731636010581807 4.1302882802464874E-9 0.0028664958012806223 0.003397261968961408 3.85236154560122E-5	
http://purl.org/vocab/frbr/extended	2.857771746479404E-6 6.454785054154988E-6 1.7069285475886108E-6 2.9501314581895566E-6 8.730031143989984E-6 8.104272826735294E-7 3.835565268010688E-6 2.795263690970452E-6 0.999965186252594 4.672843214022021E-6	
http://vocab.deri.ie/odapp	3.2079167320730515E-5 7.245649692865727E-5 1.916067878761961E-5 3.3115927044208926E-5 0.999664084242654 9.097238935963594E-6 4.305513208102682E-5 3.137749953566843E-5 4.311984061530726E-5 5.245377609699624E-5	
http://purl.org/openorg/	3.1559983482375956E-4 8.087135911423738E-6 0.001339988439384474 3.696190323733246E-6 1.0937769078299943E-5 0.003872219887871002 0.9933317973877822 3.4139613522677286E-4 4.2421969497392496E-4 3.5205752462433775E-4	
http://purl.org/acco/ns	0.003563446577638444 9.93098893823435E-9 0.03108802420475127 0.005619923030213305 4.160305328461813E-7 0.9524234644249777 5.823743723048031E-4 0.0059649148150226275 3.9716032391385274E-4 3.6026628965619956E-4	
http://www.w3.org/2000/10/swap/pim/doc	1.3290668707493436E-6 0.016861897145571163 7.938430303718684E-7 0.8818957788799356 4.060084640552906E-6 0.050975392387739016 1.7838103181578123E-6 0.049897434877356435 3.5935670049689375E-4 2.17320404109024E-6	
http://purl.oclc.org/NET/ssnx/cf/cf-property	0.02697100596356159 4.276236546718311E-4 0.5673957550466312 4.0274203774797975E-4 1.8113870566881704E-6 0.2953858010844269 0.0020763516454643657 0.10479364049048004 0.0013935547263225986 0.0011517139636368348	
http://purl.org/dqm-vocabulary/v1/dqm	0.001180951192675998 7.535274512098576E-9 0.11014364440243589 1.8866222878868138E-5 1.0191382147851605E-8 0.7779537902740752 0.09690210714226803 0.005342491161896318 1.6024841113011483E-4 0.008297883465982845	
http://dati.cdec.it/lod/shoah/	0.0780328305059156 0.0012532565245030292 0.021755246048673054 1.7108563849840247E-4 1.2119511604734458E-5 0.8676952937011304 5.027496674970974E-5 0.011237161583114047 0.00209796013944218 0.017694771380368724	
http://rdfs.org/sioc/ns#	4.7939570594052747E-4 3.282437548114007E-6 8.680205939539301E-7 1.5002238167482152E-6 4.439463403168087E-6 0.9341065321047964 0.05999426054548833 9.166280436103237E-4 1.9534229489970857E-6 0.004491140031853357	
http://sensormeasurement.appspot.com/ont/home/homeActivity#	0.011814930010239092 9.255656646077579E-7 2.4476019609201885E-7 4.2302576474204997E-7 1.2518181488680593E-6 0.007951516413196563 5.499900440755254E-7 0.9565562065951191 0.017914304778560878 0.0057596470430670435	
http://purl.org/NET/c4dm/event.owl	2.609813872087154E-4 4.088904966508991E-8 0.06019907683272713 2.916896456615649E-4 7.337467335068236E-7 0.9390057819760166 4.0155795643696603E-7 2.3787114244883096E-4 2.502088607815642E-6 9.207335897432705E-7	
http://open-multinet.info/ontology/omn-federation	3.754448229316703E-4 4.4065989014155904E-5 6.480242658896823E-5 5.688402625988211E-5 5.959880201381287E-5 0.9980209720584416 2.618491174302372E-5 8.31432463208196E-4 4.887135989929835E-4 3.190090080558445E-5	
http://vocab.deri.ie/pdo	0.02127208343419584 1.6845360729197901E-9 0.06296469482219362 8.115564294099912E-4 9.329001715399838E-5 0.8952018702115909 1.000985780284532E-9 0.011177603191532465 0.008372804850166537 1.060943582348902E-4	
http://def.seegrid.csiro.au/isotc211/iso19150/-2/2012/basic	1.309447838900556E-8 2.9576205133049707E-8 7.82124709767712E-9 0.9999998363978364 4.000151666806543E-8 3.7134255217907107E-9 1.7574785870656045E-8 1.2808062798604022E-8 1.7601199414849623E-8 2.1411242712649453E-8	
http://www.essepuntato.it/2013/10/vagueness	0.0029316724213940652 1.5953709183388329E-4 0.008165939821794106 3.596399165800794E-4 1.1629244003698404E-7 0.955503602571568 0.008495005415972735 2.190873895855943E-4 0.02340190002894806 7.634990498837004E-4	
http://id.loc.gov/vocabulary/relators	0.6358962006372624 1.5911159909138906E-8 4.207609214914761E-9 7.272126490721728E-9 2.1519681969018236E-8 1.9977176592498542E-9 9.454736572827156E-9 6.890374691347975E-9 0.3641037205906896 1.1518641594545298E-8	
http://purl.org/ontology/service	3.6129530924367925E-6 8.160496250672877E-6 2.157993472423519E-6 3.7297193479821673E-6 0.9999621671017153 1.0245869918539268E-6 4.8491337397306874E-6 3.533926951622188E-6 4.8564216127823195E-6 5.907666825166023E-6	
http://lod.taxonconcept.org/ontology/sci_people.owl	0.04989492730901599 1.3429997261072497E-5 0.004489928879815132 0.004240927371598276 6.388444080851949E-6 0.9108292874195021 0.007739322333384598 5.946889590900649E-4 0.003433328011099215 0.018757771275152726	
http://purl.org/vocab/vann/	3.8413039778992336E-8 8.676267282562265E-8 0.13752093797108517 3.965450256700858E-8 1.1734563266609931E-7 0.5677396062494201 5.155615433476251E-8 0.016743867765161742 0.0078117686458809375 0.2701834856364499	
http://data.ordnancesurvey.co.uk/ontology/admingeo/	2.3697841094550475E-4 2.000110635465895E-8 0.9126877109454098 6.008455909821417E-4 2.705129294398902E-8 0.07835134045780914 0.0032520489788040196 0.0035422420938376383 0.0010657509712329696 2.63035498579432E-4	
http://purl.org/muto/core	0.142962714402341 0.0014769547321470623 5.947091163202782E-5 0.19380223218034753 7.4527317544161E-8 0.6449997920833273 6.634956341668613E-5 0.016611108550131513 3.279301104589941E-8 2.127025632828376E-5	
http://purl.org/dsnotify/vocab/eventset/	2.6201388761997203E-6 5.918049010995879E-6 0.0015510315157358495 0.0010274816361773803 8.004101103939346E-6 0.0013034855844585999 3.5166257358715997E-6 0.9955089741643507 5.846839032104162E-4 4.2842813400084765E-6	
http://www.w3.org/2000/10/swap/pim/contact	0.1206022442315846 1.5843842481692475E-7 0.0026358549558203005 1.6043091718051504E-5 2.1428635832979613E-7 0.8729396150502328 9.414735180917264E-8 0.0038055668105796427 9.428884799899948E-8 1.1469908169436742E-7	
http://swrc.ontoware.org/ontology-07	0.003489927004383823 1.7270045133292124E-6 0.020136805120050855 4.90374546316373E-4 9.81751474521408E-7 0.9662951383343725 8.640330717220354E-4 0.006822475441911997 0.0015311327875409796 3.674049377135647E-4	
http://www.w3.org/ns/auth/acl	7.601430579151794E-5 2.7558502073083374E-6 0.9805811762537655 0.017497726492726764 3.7272593798435364E-6 2.5911617483584783E-4 1.6375825453998323E-6 1.193429054199676E-6 0.0015746575959583876 1.995055734937682E-6	
http://linkedscience.org/teach/ns#	3.1540901260080365E-4 2.936481395324097E-6 0.005735134894070909 0.10323562486291571 3.971561224711075E-6 0.2664909759874148 0.07189959126540788 3.606447913289005E-4 0.5516641304468628 2.9158069677843264E-4	
http://purl.org/net/opmv/ns#	0.016688731009185786 2.0376926366359888E-9 0.1726739478145121 9.313185642938543E-10 2.7559585687923524E-9 0.7350497404051095 0.0755875714759791 8.82428801696494E-10 1.2126584287016168E-9 1.4751565124911267E-9	
http://purl.org/vvo/ns#	0.00408545253887754 1.026710047275178E-8 0.014289529686903295 0.006706841137530115 4.601528630904043E-7 0.9664594504728525 6.949010083825708E-4 0.007070386319000267 4.737200397332656E-4 2.192483767566776E-4	
http://purl.org/ontology/daia	1.7367105193658326E-9 3.922669162646197E-9 0.3704890517982308 1.792838893890573E-9 5.305370151005518E-9 0.5777464995962036 2.3309302280263127E-9 9.438124428808752E-4 0.050820618234409566 2.8397565253897293E-9	
http://www.w3.org/ns/ldp#	2.4364544370088986E-6 5.503165081154247E-6 1.4552784485160066E-6 2.515197685021721E-6 7.44297480797897E-6 6.909471168141862E-7 3.2700932211239553E-6 2.3831618570884738E-6 3.2750079183754026E-6 0.999971027719427	
http://guava.iis.sinica.edu.tw/r4r	0.003454795318476168 4.2781938081760385E-9 0.41197610535306034 0.005130061416698127 5.786213618586769E-9 0.5661930341392354 2.542190242244492E-9 9.979493164782667E-4 2.5460109576037683E-9 0.012248039303443124	
http://reegle.info/schema	0.09004691154672177 1.0748178329310778E-5 0.009970398822481994 4.4495623195847927E-4 1.8877917091501823E-7 0.8331000609291107 1.8690305774050815E-6 0.059472342489245766 3.6512159485801624E-4 0.006587402397545305	
http://purl.org/net/p-plan#	5.409617944173855E-7 1.2218582921382273E-6 0.006463373464532691 0.6058802627807964 0.25059865516803453 0.0015221648855785485 0.002672928749627794 0.13205715421088043 7.271443837999562E-7 8.029707760793179E-4	
http://purl.org/essglobal/vocab/	0.015673617172205473 0.002591176721859448 0.0035643751485588972 6.982121473026161E-7 2.0661498910982798E-6 0.9669244509908672 1.4110530328089328E-4 0.010325299272927045 9.091334350135637E-7 7.763018948273602E-4	
http://linkedgeodata.org/ontology	0.1388334628375005 6.326408674015723E-4 0.00910286568646811 3.7773514652850865E-4 1.2914845750431304E-7 0.10019702634794217 3.2286243678112745E-5 0.7430028274747974 0.006217505087093878 0.0016035211601318025	
http://purl.org/vocab/frbr/core	0.0021518151334801176 1.9321533535244073E-9 0.0684860759732833 7.753762070551142E-4 2.340743756031325E-5 0.8723932259932458 0.022090927255012754 0.013342144756750336 0.0075279704409066455 0.013209054870552298	
http://purl.org/ontology/ecpo	8.343584590944972E-8 1.884546769071279E-7 4.983569014932542E-8 8.613239110553927E-8 2.5488303403236646E-7 0.9999988950830709 1.11983622579944E-7 8.161085324025935E-8 1.1215192530554996E-7 1.364288896915823E-7	
http://www.w3.org/ns/rdfa#	1.6167544225249863E-7 3.6517270127012477E-7 9.656769410110505E-8 0.0016742882150575752 4.93892364854353E-7 0.03107645136571044 0.9672475032914962 1.5813911450651837E-7 2.1731921005418103E-7 2.643612087404483E-7	
http://www.eclap.eu/schema/eclap/	0.11349254944067688 3.779927854494158E-4 0.05435924589338574 0.0031537389023992206 3.4868821840260113E-6 0.7633282632083136 0.005016085120200945 0.016139121629094977 0.04356549834306844 5.64017795227098E-4	
http://ns.inria.fr/ast/sql#	1.2227811331689873E-7 2.761868365661218E-7 0.12493284967563204 6.142357493387628E-4 3.7353988778143174E-7 0.05873866635475271 1.1848546113750322E-4 0.012478830828512621 7.452217555782814E-5 0.8030416377502306	
http://rdfs.org/scot/ns#	5.723062267644353E-7 1.2926552596336043E-6 3.418348010579914E-7 0.9999928496169026 1.748303093033229E-6 1.6229867930678164E-7 7.68122187766803E-7 5.59788169843066E-7 7.692766160199815E-7 9.357980641292666E-7	
http://purl.org/spar/scoro/	0.008246242120354335 9.885054292861503E-5 0.037994367564706664 7.06507258096188E-4 1.0557928543464548E-5 0.9326141467834235 8.506754141077769E-4 0.007339460654621328 0.011734026794285648 4.0516493893245274E-4	
http://purl.oclc.org/NET/ssnx/cf/cf-feature	0.046513467225205066 0.001483758701109881 0.41675062213330827 6.672967284363497E-4 1.9986292194685994E-6 0.43378028044090366 0.003164901564013858 0.0945080017324268 2.6049211123860207E-4 0.002869180734138394	
http://www.bbc.co.uk/ontologies/cms	0.05120179651352818 3.667902856918829E-8 0.021658713281815564 3.8660381818259965E-5 4.9608013133480174E-8 0.7734819876146791 2.179542879646947E-8 6.122416388756547E-5 0.050582292855952865 0.10297521710584785	
http://www.w3.org/ns/dcat	0.10269128254440726 9.953919978491947E-7 0.38291070340889466 1.0875592454693612E-4 1.3462575544801759E-6 0.3690979315677265 1.8511748040695036E-5 0.005358164148321313 0.0013043662582110965 0.13850794275029907	
http://www.opmw.org/ontology/	0.00882988015334024 3.280312850877561E-7 0.09283658585333249 2.5495888369223355E-4 1.0678761122624367E-5 0.8749077441430402 0.0040310101901831685 0.014972626459294694 0.0020466321145111146 0.0021095554101983457	
http://purl.org/ontology/ao/core#	0.006592060270586428 5.999942441862783E-7 0.07635188715944533 0.012056569750999866 1.432188680004463E-5 0.8940624604999317 0.006680736824545312 0.0026125837242024774 0.00121994547049731 4.08834418747188E-4	
http://sw-portal.deri.org/ontologies/swportal	0.0019671364929983726 0.0030090334091671038 0.001213959685557742 0.01197108773727628 1.0536061373299094E-5 0.06931821885698895 0.0047590677905608005 0.8909087278929136 0.01564891164290362 0.0011933204302601056	
http://purl.org/lobid/lv	2.8176102864155452E-6 6.364073263581581E-6 1.6829403677137508E-6 0.13394350127655927 8.607344369730449E-6 0.8660220945921935 3.781662467157785E-6 2.7559806827206984E-6 3.7873460134289363E-6 4.6071737964571606E-6	
http://purl.org/swan/2.0/discourse-relationships/	8.210498154228335E-6 1.8544868336097576E-5 4.9040773485990325E-6 8.475851481853422E-6 2.508174583305624E-5 2.3283915927591575E-6 1.1019739974761845E-5 8.030909887596155E-6 0.9998999786427409 1.3425274650080495E-5	
http://ns.inria.fr/nicetag/2010/09/09/voc	0.06056194434727483 7.733158544095218E-4 3.422580595066101E-4 1.522076045201889E-4 8.151096721693365E-6 0.8548213480920096 3.8355371913052983E-4 0.08282762900314644 3.586590979506239E-6 1.2600563230089426E-4	
http://rdvocab.info/ElementsGr3	0.0011432571299943167 1.0074314423048967E-9 0.20295450343825094 4.604421626712141E-10 1.3625407806717212E-9 0.6740706039129749 0.11237446224252791 4.3627115514933677E-10 5.995360673565104E-10 0.009457169410030204	
https://raw.githubusercontent.com/airs-linked-data/lov/latest/src/airs_vocabulary.ttl#	0.02692474563207906 4.328758222696145E-4 0.04672728543101659 5.804353703413664E-4 3.044263466405957E-8 0.8758557695998824 6.962454817877251E-5 0.007711147629918379 1.9599919394372865E-4 0.04150208632973543	
http://purl.org/linked-data/sdmx/2009/code	6.117042014772363E-6 1.7055210257253566E-9 0.9585833943771117 7.795009730583169E-10 2.306699843045555E-9 0.024503113828409733 1.013455468346424E-9 0.01690582225896904 1.4219850375834403E-6 1.247032799297558E-7	
http://purl.org/spar/fabio/	0.009737575318715734 2.203634052705615E-4 0.02317367637767845 0.008505331444635871 1.3007205190682335E-6 0.9368181261961888 4.5718154003561266E-4 0.006800939184665119 0.002574549652769639 0.011710956159521278	
http://rdf.myexperiment.org/ontologies/base/	0.025016758586059604 0.0031565925840860635 0.016732612139280734 0.0013885056688666061 3.3948719110072917E-9 0.9063188201949512 0.01409498603434307 0.018383316805546973 0.006058299181352269 0.008850105410641516	
http://dati.camera.it/ocd/	0.012180863658923409 0.0017694716377471365 0.27655607392341797 0.011773289217413194 4.452730555069189E-9 0.6695268905020528 0.01313187963270254 0.010305166966363442 0.0020373736779134856 0.002718986330735621	
http://www.wsmo.org/ns/wsmo-lite#	0.002090038970651198 1.5291095291147082E-6 3.45498435145719E-4 0.018853428811884027 2.0681050878913947E-6 0.9612983969387884 9.086281497601869E-7 0.01740611403148937 9.099937476096203E-7 1.106975526941924E-6	
http://data.press.net/ontology/stuff/	0.16788941308064798 3.219004411783755E-9 6.8108199489192E-6 7.504754316984364E-6 4.358024402094274E-6 0.832066188176937 1.9127982443758205E-9 6.553190932297456E-6 1.5902001840541443E-5 3.2648191715495086E-6	
http://purl.org/ontology/po/	0.07159513114780561 1.7839642651011914E-5 0.029159938312998318 0.002309182986219658 7.688542686593114E-6 0.8412848813036023 0.005908854164958673 0.0019423395356967061 0.04772307078385111 5.107357952949453E-5	
http://salt.semanticauthoring.org/ontologies/sao	1.4458978770192054E-6 3.2658171590910364E-6 8.636254334245991E-7 0.0793368100138359 4.416984496035095E-6 0.007690393497549543 0.912957082121439 1.4142717456221352E-6 1.943531930854978E-6 2.364238533438358E-6	
http://www.ontologydesignpatterns.org/ont/dul/ontopic.owl	0.011872392843005411 1.2745410512423951E-5 0.02365069234606767 3.444333269694766E-4 2.3743519888530545E-6 0.7998039342208195 0.1472687876074999 0.0018427486590295494 0.014046135010042317 0.0011557562240649087	
http://mex.aksw.org/mex-perf	0.00463116750703052 4.090958183600664E-6 0.07718960903096969 0.04474361748370009 1.636108231071466E-5 0.8639573660955416 0.0013152665462794707 0.006821206876958446 0.0012362277616496157 8.508665737596817E-5	
http://www.ontologydesignpatterns.org/ont/dul/IOLite.owl	0.0060574227473463565 5.897000086773769E-7 0.0282867214580828 5.10664689654156E-4 3.0771229197811774E-6 0.841145935240604 0.11821084386592522 0.00274292077241604 0.0013212453516986782 0.0017205790513444084	
http://www.aktors.org/ontology/support	1.8665453721064383E-6 4.215924237342386E-6 0.16342001302754755 1.926869851370413E-6 5.701994657282899E-6 0.836556383723969 2.5051883899535705E-6 1.8257184159741503E-6 2.5089534943900215E-6 3.0520540650095055E-6	
http://securitytoolbox.appspot.com/securityAlgorithms#	3.075873698248448E-7 6.947407048999461E-7 0.0016366524811924912 3.1752822001265437E-7 9.396297382311646E-7 0.005354021877545986 4.1282913305876794E-7 3.0085950976724925E-7 4.1344958332374955E-7 0.9930059390170017	
http://contextus.net/ontology/ontomedia/ext/common/trait#	0.1433510801618378 5.429206190441029E-7 0.0049701799258217464 2.4813950954272897E-7 7.342946160412196E-7 0.811180637366292 0.0021961602223379874 0.003240628222149277 3.230993982913149E-7 0.035059465647418235	
http://purl.org/spar/biro	0.005332659026529986 1.0625347948709222E-6 0.07851057409421346 0.05499622388243172 1.9045360023422422E-5 0.8470882327774821 0.0046254233560812435 0.004584669571816677 0.002173184804249754 0.0026689245923768477	
http://ontologi.es/doap-bugs#	3.2011315473753475E-7 7.230324148119063E-7 1.881806938337874E-4 0.11570075709983928 9.778939881753443E-7 0.8718766914638965 5.7099288020296904E-6 0.01187653392846556 6.65330866276117E-5 2.835727589775143E-4	
http://kmi.open.ac.uk/projects/smartproducts/ontologies/food.owl	0.027451754858785583 1.3608113494918892E-4 0.18455881113695377 5.646920472130164E-4 1.536506825057348E-6 0.7396106227368054 0.005498188739899461 0.04072202164808452 2.423485864844118E-4 0.0012139426039995376	
http://www.w3.org/1999/02/22-rdf-syntax-ns#	4.0828891302689404E-8 9.221930256780833E-8 0.0321122796066857 0.0028433385335292116 1.247256689013631E-7 0.1063997565505153 1.3536879785065345E-5 0.10210076790894955 0.0017879850353266092 0.7547420777113458	
