http://lod.geodan.nl/vocab/bag	2.438562396426112E-7 1.0940070852431328E-7 3.482393311955645E-7 2.2279867685899545E-5 3.9753292469906276E-7 0.9999756936134685 4.229571159282804E-7 1.6780784682189265E-7 1.3665590028164574E-7 2.0006877858018052E-7	
http://www.w3.org/ns/auth/cert#	5.5145871459645116E-5 0.9995197527593005 7.875115856558833E-5 1.6738835578413618E-5 8.989845656014378E-5 2.9969568800510504E-5 9.564790625044762E-5 3.794821885354329E-5 3.090348937627463E-5 4.524373525500286E-5	
http://purl.org/dc/dcam/	3.732566237593522E-6 0.001179271356363825 0.0024150625175502418 2.2877610863074552E-4 6.084806258138692E-6 2.02850000732841E-6 0.9961573215577675 2.5685375300161614E-6 2.0917127251153076E-6 3.062336929411364E-6	
http://purl.org/rss/1.0	6.337037674315993E-7 2.8429717957247363E-7 0.03056608878618878 1.9235280697705863E-7 1.033059939040733E-6 3.443925747203387E-7 1.0991292173559774E-6 0.9694294492394183 3.551246380947784E-7 5.199142696430914E-7	
http://data.lirmm.fr/ontologies/oan	3.293206924675246E-8 1.4774244505888453E-8 4.702869931145754E-8 0.9998114676503288 5.3685654397198185E-8 1.7897258469402658E-8 5.71191167819637E-8 2.266195706038167E-8 1.882592319703931E-4 2.7018701182187796E-8	
http://data.lirmm.fr/ontologies/vdpp	1.7505420401383224E-6 3.3605902864126704E-5 0.9971359324176605 3.003134873113026E-4 2.8537227427304706E-6 0.002267171425053115 3.0362323871360772E-6 2.529190641841725E-4 9.809956014517737E-7 1.436210155364558E-6	
http://purl.org/ctic/sector-publico/elecciones	6.0106506907437544E-5 2.6965454942766067E-5 8.583520272691881E-5 1.824457406666675E-5 0.9995475720168724 3.266547515599642E-5 1.0425189385086682E-4 4.136184302236666E-5 3.368340636376132E-5 4.931362609099669E-5	
http://www.w3.org/2003/g/data-view	1.0156788983550878E-6 4.556618738814681E-7 1.450442034171425E-6 0.9999910074215113 1.6557534209908584E-6 5.519807343284916E-7 1.7616470186986966E-6 6.989318347776937E-7 5.691817213912748E-7 8.333009519107576E-7	
http://www.w3.org/2004/03/trix/swp-1	2.153161805720879E-6 0.024378016524487442 3.0748264972796327E-6 6.535651805966383E-7 3.5100709796599686E-6 1.1701570610304864E-6 3.7345573310296264E-6 1.4816821870405922E-6 1.2066218418034899E-6 0.9756049988326282	
http://www.w3.org/ns/regorg	1.5378677647492363E-6 6.899303594890242E-7 4.007172653125802E-4 0.031740034204776724 2.5070224621570313E-6 0.9457657169105725 0.0034126719871799267 0.017180115246723977 1.1821361896563228E-4 0.001377795945882147	
http://www.w3.org/ns/radion#	1.1266382890203392E-6 0.0025596107794164545 1.608897786838508E-6 3.419768801741965E-7 1.8366387293128011E-6 6.122827116948019E-7 0.9974325317994447 7.752877092859441E-7 6.313628468293019E-7 9.243361855998067E-7	
http://semweb.mmlab.be/ns/oh	8.327820032438107E-7 3.7360922703759225E-7 0.875409833452512 2.527805011688135E-7 1.357596040484533E-6 0.00631821548239656 0.022044664707086808 0.09622331965757985 4.666871537034447E-7 6.832454993020863E-7	
http://vocab.deri.ie/c4n	1.4269193246467617E-5 6.401557956941139E-6 2.037714647011991E-5 4.331234111768783E-6 2.3261550053743974E-5 7.75473407906397E-6 0.999894081976341 9.819238573040035E-6 7.996389398305458E-6 1.1706979769430056E-5	
http://www.w3.org/ns/hydra/core	2.6164015930448473E-7 0.0020248941656804582 0.0017235249223398696 1.2984636852220776E-4 4.2652415988811895E-7 0.002733568464913111 2.2233835418901773E-5 0.9933648827975097 1.4662192598388538E-7 2.1465937134226673E-7	
http://labs.mondeca.com/vocab/endpointStatus	2.1809481638476388E-4 0.998100684040213 3.11450685479111E-4 6.619993800697051E-5 3.555368127803706E-4 1.185257831941414E-4 3.7827514552097946E-4 1.500803161493029E-4 1.222193187408284E-4 1.7893314353045528E-4	
http://purl.org/ctic/dcat#	2.020266825095607E-6 9.063480286481204E-7 2.8850455868546307E-6 0.00533477610842471 3.2934264090587973E-6 1.0979339705312069E-6 0.9932338649594324 0.0014183662607527763 1.132148113975674E-6 1.657502455935965E-6	
http://purl.org/cld/cdtype/	3.159428385178917E-6 1.4174076676363339E-6 4.511827252923545E-6 9.590047425396706E-7 0.9996265031075067 1.717022577641113E-6 5.479879127701083E-6 3.5188968059497933E-4 1.7705289435479616E-6 2.5921132014529967E-6	
http://vocab.deri.ie/csp	2.8550719460252103E-6 7.981422859989661E-5 0.0022949331786540723 8.666211740625006E-7 4.6543205234077605E-6 0.9070607159601162 4.951987276718246E-6 0.09054726625489969 1.5999690134021442E-6 2.3424077966467183E-6	
http://purl.org/ctic/empleo/oferta	1.874473723964348E-5 6.213737094374864E-4 2.6768454927939444E-5 0.9992210742738404 3.0557554026552024E-5 1.0187012689827241E-5 3.25118603211975E-5 1.2899050686735331E-5 1.0504463395238722E-5 1.5378883434921067E-5	
http://data.press.net/ontology/classification/	8.185668747504084E-7 3.6723192403635866E-7 0.9489595383480518 2.484656777327344E-7 1.334422626454869E-6 4.44858257224268E-7 1.4197655349982716E-6 0.05103469803711476 4.5872106194080564E-7 6.715828762779496E-7	
http://purl.org/ctic/infraestructuras/organizacion	6.576519534578844E-6 2.9504100356888794E-6 0.999245175424919 7.059892514320975E-4 1.0721001229056974E-5 3.574074530741496E-6 1.140666213531414E-5 4.525582713393693E-6 3.6854508994104086E-6 5.395622570577737E-6	
http://purl.org/ontology/dso	1.2662757845684378E-5 5.6808662440623036E-6 1.8083073575378686E-5 3.843620853889066E-6 2.0642749057922E-5 6.881700885589457E-6 0.9999060062988903 8.713782071049449E-6 7.096150485985334E-6 1.0389000090198978E-5	
http://zbw.eu/namespaces/zbw-extensions	7.223952295082206E-6 0.9999370889775637 1.031617775913783E-5 2.1927398460313115E-6 1.1776442087187535E-5 3.925928262417655E-6 1.2529603641921943E-5 4.971108723559558E-6 4.048269201243018E-6 5.926800619564875E-6	
http://purl.org/prog/	9.288860151021043E-7 4.1672416641636356E-7 0.03917403683028804 2.8195166503552457E-7 1.5142642026990095E-6 8.669106003287611E-4 0.9599539889011536 6.392059615357686E-7 5.20543394086798E-7 7.620928246660923E-7	
http://www.w3.org/2003/06/sw-vocab-status/ns	8.227926807721004E-7 3.691277384454423E-7 1.1749905324736013E-6 0.9999927151900332 1.341311509140324E-6 4.4715481326649845E-7 1.4270949957085109E-6 5.661986272876678E-7 4.610891839423434E-7 6.750498855720968E-7	
http://www.w3.org/2004/03/trix/rdfg-1/	6.476487537576875E-6 2.905532892651014E-6 9.248759399749549E-6 1.965856321564817E-6 1.0557929689899473E-5 0.9999442125803346 1.123316136693312E-5 4.4567464430780524E-6 3.629393434457659E-6 5.31355257930562E-6	
http://www.w3.org/2004/09/fresnel	1.878926815329228E-5 0.9998363704490192 2.6832047377365025E-5 5.703245989807897E-6 3.063014804493053E-5 1.0211213454907615E-5 3.25890970850964E-5 1.2929694301790534E-5 1.0529418311725416E-5 1.541541826181675E-5	
http://inference-web.org/2.0/ds.owl	1.3822986495762892E-5 6.201377167034058E-6 1.973994013630581E-5 0.994455548323248 2.2534146584847374E-5 7.512238610943869E-6 2.397531640089238E-5 0.005431578439077547 7.746337214614493E-6 1.1340895064201431E-5	
http://purl.org/ontology/olo/core#	1.9936112122145172E-8 8.943895774737117E-9 2.8469799920766465E-8 0.003771768292463729 3.24997259477955E-8 0.025677454984929318 3.457824371590092E-8 0.9705506247663933 1.1172104327370765E-8 1.6356331942790082E-8	
http://ontologi.es/doap-deps#	3.515493747871347E-4 1.8812155375567507E-4 1.8084587050337143E-5 3.843942548311638E-6 4.6260377822718356E-4 6.882276854155779E-6 2.1964792877657432E-5 0.9989294630798919 7.096744403054642E-6 1.0389869604522102E-5	
http://data.press.net/ontology/identifier/	1.047178771972821E-6 4.697935954944022E-7 1.4954254840001472E-6 0.48955920859381524 1.7071043189841211E-6 8.482262206039646E-4 0.17182298421874123 0.33776341548593897 5.868341037715582E-7 8.591446262385754E-7	
http://purl.org/vocab/changeset/schema	5.37874340265487E-7 2.413054265428342E-7 0.011415914101077973 1.6326498983954267E-7 8.768394030831052E-7 2.923131255331048E-7 0.08716617692524117 0.8987562453734578 0.002659110710713837 4.4129222382929107E-7	
http://data.press.net/ontology/tag/	2.1380003430775854E-6 9.591665675674655E-7 0.9869891191369887 6.489631093336958E-7 3.485354857586826E-6 1.1619174143302424E-6 3.708260491046119E-6 0.012995826979362699 1.1981254287933395E-6 1.754095437010074E-6	
http://www.w3.org/ns/adms	2.4445445433631073E-7 1.0966908431587101E-7 1.9245417354463008E-4 1.2125485018218773E-4 3.9850813057090283E-7 8.267366423585303E-5 4.239946910254929E-7 0.9996021031349638 1.3699113700820654E-7 2.0055957628653644E-7	
http://vocab.deri.ie/ppo	1.8005056104363147E-5 0.9998431998935935 2.571215198393641E-5 5.465208287289375E-6 2.9351730441788873E-5 9.785025667272961E-6 3.122891837087778E-5 1.2390044647652308E-5 1.0089949534075165E-5 1.4772021369422052E-5	
http://open-multinet.info/ontology/omn-lifecycle	3.2203640482278087E-4 1.444745105143439E-4 4.5988465335341383E-4 0.9971487665528789 5.249817435731561E-4 1.7501386658959678E-4 5.585569153669289E-4 2.216069425608057E-4 1.804677005149377E-4 2.642107098250685E-4	
http://purl.org/reco#	1.0839256575952476E-5 4.862792729945849E-6 1.547901938535115E-5 3.290119982053044E-6 1.7670088633028328E-5 5.89070110057309E-6 1.8800177952758065E-5 0.9875971707114126 0.01231710420077322 8.89293145439393E-6	
http://rdf.insee.fr/def/demo	7.097517733217166E-6 3.1841443545418947E-6 0.0026630513838553273 2.1543622252508265E-6 1.1570329251055408E-5 3.857216150335982E-6 0.0016809091851420215 0.9956183753764496 3.9774158619817206E-6 5.8230689766931104E-6	
http://www.holygoat.co.uk/owl/redwood/0.1/tags/	9.584827167528284E-6 4.300020720189322E-6 1.3687629266066481E-5 2.9093537151221646E-6 1.5625125615923534E-5 5.20896904219654E-6 1.6624429464631194E-5 0.9999188246018752 5.371292477658943E-6 7.863750655385858E-6	
http://purl.org/wai#	0.9997981324226624 1.1102134092776826E-5 3.5339805413169245E-5 7.511599866705431E-6 4.0342186955049716E-5 1.3448928866799292E-5 4.292226878481633E-5 1.7029370671971157E-5 1.3868028369841793E-5 2.0303254316507478E-5	
http://purl.org/net/ns/ontology-annot	6.777763347344228E-7 3.04069362135777E-7 9.678996848881657E-7 0.012273490853477158 1.1049067640576567E-6 3.683442469495765E-7 1.175571001192539E-6 0.9877209746833774 3.798226994251654E-7 5.560730520555956E-7	
http://www.w3.org/ns/locn	1.2416125208343049E-5 0.9979903823272491 1.7730869404574542E-5 2.159666553383659E-5 2.0240690066968014E-5 3.9616514364829294E-4 0.001101367813685353 8.544063666923687E-6 6.957938705371841E-6 4.245983628313182E-4	
http://rdaregistry.info/Elements/m	0.03815535308050848 0.058982155517808554 5.295696701820544E-4 0.8724548894502336 1.9641977950198656E-8 0.022584804127473507 2.7365896881959565E-4 0.005390138231015411 0.0013624734991027558 2.6693781287829486E-4	
http://purl.org/ctic/infraestructuras/localizacion	2.9827439394092865E-7 1.338142098788262E-7 0.9945505622847474 2.3128544020203055E-5 4.862450612703459E-7 3.933510510865672E-6 0.005420840204715921 2.0525529255551604E-7 1.6715158035200553E-7 2.4471546746133586E-7	
http://ns.nature.com/terms/	0.0018162758125884982 0.18295957981349836 0.012065680422076203 0.6371887016095258 0.001014090033724547 0.1443807079732823 0.005414822070844457 7.925625155465553E-4 0.010497065023895925 0.0038705147250175016	
http://purl.org/uco/ns#	0.021395486137757935 0.01835676156686501 0.002060526867883848 0.13212772740716133 6.952185070828485E-4 0.8177375449646367 0.0032740288043091727 0.003228953247479955 7.922266586599495E-4 3.3152583816307095E-4	
http://contextus.net/ontology/ontomedia/ext/common/being#	0.013962894966119526 0.00810070377464362 0.004838818769400994 0.47146811188747906 4.873424443507515E-8 0.4924115234467883 1.2150640040959984E-5 0.00188885582110207 0.005596029108208839 0.0017208628519721756	
http://salt.semanticauthoring.org/ontologies/sro	1.591582875840126E-5 7.140284560577973E-6 2.272862720417465E-5 0.9998590850518294 2.5945885020655912E-5 8.649614420203776E-6 2.7605252336899755E-5 1.095235848074883E-5 8.919156265574496E-6 1.3057941123226588E-5	
http://def.seegrid.csiro.au/isotc211/iso19103/2005/basic	5.727549566577646E-4 0.7291925107303285 0.004672071458993813 0.03623597309899088 4.413789055804128E-9 0.07646789314028933 0.033074869211202416 5.215507706474182E-4 1.3768877032310035E-4 0.11912468344877762	
http://www.w3.org/TR/2003/PR-owl-guide-20031215/food	0.023020576227983078 2.349568646828816E-5 3.054293990512039E-7 0.0022148416547054725 3.486632077917594E-7 2.9021042924590277E-4 0.001409375595335535 0.9649929740322603 0.008047696807573624 1.7547382313440258E-7	
http://www.w3.org/2006/time-entry	2.152334299463881E-8 0.04444848418762448 0.7712245963327388 0.08166363976390278 3.5087219841081894E-8 0.03646545918753104 0.06483348515623658 1.4811127448010911E-8 3.606504907536907E-5 0.0013281989012005463	
http://www.w3.org/2006/time	5.2414085673910075E-9 0.0022295839107289383 0.9563840182096948 0.005103505934969188 8.544511636820863E-9 0.007238238748033083 0.028929695350967746 3.606836090381564E-9 8.177444553717106E-6 1.0676300829665585E-4	
http://www.essepuntato.it/2012/04/tvc	7.31553081292517E-5 0.003975657367666531 0.9233186370415393 0.03706723292931727 1.345686478277306E-8 0.010315295293199822 0.024801551424007973 2.203729776164592E-4 1.3776581904521516E-5 2.1430761975409557E-4	
http://owlrep.eu01.aws.af.cm/fridge	3.6094659763834784E-4 0.09968104060168403 0.009856300702403887 0.2187903300435077 3.2549068143901787E-9 0.6324248605560921 0.010356591848278657 2.5079867755594044E-4 0.011706404795762662 0.016572722922169904	
http://securitytoolbox.appspot.com/stac	0.0012817655629015093 0.9624979274942085 6.075111987104411E-6 0.02862993743486815 1.5150573712704163E-7 0.007416257835710839 1.6119527626636518E-7 6.395407763444683E-8 5.238909736482928E-6 1.6242099549593927E-4	
http://contextus.net/ontology/ontomedia/core/space#	0.013533341419421783 0.01003541221064474 3.040923895726597E-7 0.0019452870547919353 3.4713694340763175E-7 0.9736455388976811 6.34966022826743E-4 1.46534536905756E-7 1.1933178002375543E-7 2.0453729898461834E-4	
http://spinrdf.org/sp	1.0644026612927163E-8 0.46964274417512597 3.8983272512696076E-4 0.48578319084985094 1.7351825961939467E-8 0.03456431319191628 1.8461560814131682E-8 1.0004744681847409E-4 0.008517219617373893 0.0010026055363741326	
http://purl.org/net/cartCoord#	2.82969378468413E-4 8.558749823116163E-4 0.03336482646455859 7.681313159062042E-4 9.211271162358646E-7 1.4327048945981732E-4 1.9430714627287723E-4 0.9641947571766794 6.752213026077212E-5 1.274197889661567E-4	
http://www.ontotext.com/proton/protontop	0.0027689350449704364 0.08513125067543649 0.03734097471758833 0.5486144134435259 2.9847096976480923E-9 0.3144939973995973 0.0015480234326793341 0.003196852604554896 7.790735247314868E-4 0.006126476172205836	
http://www.w3.org/2006/gen/ont	2.3017225974526898E-10 0.14599501731699696 0.08310856893904961 0.2746718517226282 3.7522538580612274E-10 0.4578735725358718 0.03453621455741321 1.5839131843659304E-10 9.410152571975928E-4 0.002873758907053674	
http://commontag.org/ns#	0.01667577072912554 5.123930791980479E-5 0.9362567608995093 0.018935674002223464 8.585299174377851E-7 7.27376056471055E-4 0.010170527971820735 0.017181065297307684 2.9512820573290285E-7 4.320774992067616E-7	
http://purl.org/spar/doco	5.209282104435328E-4 0.01295766554167892 0.004889748587737308 0.8662909635152093 1.311897939020751E-7 0.015405014430114244 6.037628725623632E-5 0.0824637618983862 0.017069219546129055 3.421907932511596E-4	
http://www.linkedmodel.org/schema/vaem	2.3879000975093764E-4 0.33517751781459304 0.00400741407667084 0.5887649906520149 7.02364481669794E-8 0.026929880144683144 3.354702555317767E-5 0.0011685163911934401 0.04244079804655166 0.0012384756025408462	
http://purl.org/biotop/biotop.owl	0.024905889005669313 0.0022260724791905205 0.002378614945616885 0.07232412178315491 0.0013690725907221668 0.07090254126255076 2.5295085376841805E-4 0.002201483563313263 0.8233331016348485 1.0615188116221472E-4	
http://purl.org/wf4ever/wfdesc	1.2418160061374493E-6 0.899993502089096 0.015962882407001746 0.02060436535650239 2.0244007271719916E-6 0.059418790729161806 8.465810813067006E-4 8.545463935812876E-7 0.0010011353828418528 0.002168622190962744	
http://resource.geosciml.org/ontology/timescale/thors	1.2413902158751725E-4 0.9008636688528697 0.0010078715598165063 0.007989795573720598 1.127026451626395E-8 0.017538710706006686 0.02943764236929185 1.1287339780819698E-4 3.0167682024026364E-5 0.04289511956661032	
http://code-research.eu/ontology/visual-analytics	0.008255201810225333 0.5918146144873209 1.615463666382159E-5 0.3230795170436331 9.382600168016063E-7 0.07473933020052118 9.982663725215788E-7 1.5187913889611738E-5 0.001049922704765306 0.0010281346765915298	
http://def.seegrid.csiro.au/isotc211/iso19156/2011/sampling	8.684351062687557E-4 0.7956363086456125 8.27042392060697E-4 0.1040677852283644 6.449657132584586E-9 0.08746209553715911 0.004523084875255875 3.83381113492379E-4 9.688517831275682E-4 0.005263008869001619	
http://purl.org/linked-data/api/vocab#	3.209249050082522E-9 0.8337489359598491 4.58297374091654E-9 0.16200479071925838 5.231697834907747E-9 0.004210482630837779 5.566290715004081E-9 3.5767668407155076E-5 1.798448211986655E-9 2.6329879381008053E-9	
http://reference.data.gov.uk/def/payment#	1.227124074041024E-6 0.0071244951831471726 1.7523966885748323E-6 0.06135584100894076 2.000450030875141E-6 0.8446404328611632 2.1283886768828034E-6 0.08537340056332747 0.0014977152454694264 1.0067784815329474E-6	
http://data.archiveshub.ac.uk/def/	7.006817946559442E-5 0.012024545228340481 0.0013797143398955733 0.9494054044707342 7.773589068664201E-5 0.035031101163467325 0.0010183409856899042 9.840192147568324E-4 8.762625310592934E-6 3.079016526918519E-7	
http://purl.org/dc/elements/1.1/	1.683563438811697E-8 7.552935012922466E-9 2.4042157248726945E-8 0.005120470636288519 2.744534643559219E-8 0.07700030290699464 2.9200611704899998E-8 0.9178790981328367 9.434611054006994E-9 1.3812584060139323E-8	
http://purl.org/spar/deo	9.540277401829023E-4 0.04243178503556539 0.0032243426338460436 0.9214939780776249 1.5620620002349918E-6 0.028649691062899742 2.8750887683616728E-5 0.0015379400565856914 9.2893068643095E-6 0.0016686331367471291	
http://simile.mit.edu/2003/10/ontologies/vraCore3#	0.014191340140801619 0.1812791943117668 0.018606796826288647 0.21781102781217687 3.797669186245598E-7 0.5659262157388765 0.0012943262201723278 1.6030840453483208E-7 1.30548658834014E-7 8.904283259352119E-4	
http://schema.theodi.org/odrs	1.161139811457229E-6 0.02128093170054719 1.6581677465338586E-6 0.6349961423069967 1.8928828965361133E-6 3.462969161894554E-5 2.013942093764823E-6 0.31737743684211417 6.506973392196154E-7 0.026303482628835514	
http://purl.org/ontology/cco/core#	0.009024179540184198 0.11495144265196215 0.020843014058712986 0.7067107802011172 8.786595985113538E-9 0.12563854658749013 7.679189013296571E-4 0.006264518922604179 0.014816861106592366 9.827292434112051E-4	
http://purl.org/archival/vocab/arch	2.07145820660236E-5 1.0237830007549389E-5 0.0017008386776083137 0.8832635051064035 1.3366622709938054E-8 0.11091054287941264 1.422148415851751E-8 0.0022708933348621987 0.0017862679603977585 3.69720411351862E-5	
http://www.w3.org/2002/12/cal/ical	7.322632106842499E-7 0.44782226797655916 1.0457097637588642E-6 0.5455520021336707 1.1937309302376756E-6 0.0017135129036139928 1.270075910894484E-6 3.1985699604689566E-4 0.004587517434171026 6.007761227496571E-7	
http://purl.org/ontology/similarity/	0.08922289945716481 2.168632358360646E-5 1.2852075567679362E-4 0.09350970565569289 2.6955010972990585E-6 0.5994284192341337 2.8678916871053642E-6 0.2176414770393342 4.0371560630290425E-5 1.3565809991874377E-6	
http://semanticscience.org/ontology/sio.owl	0.015175612437260372 0.053540756163855154 0.009012335538800376 0.19851030424209498 3.9752327091769225E-4 0.6855578555784664 0.0012031812781679373 0.0011270520168552539 0.03444685020299999 0.0010285292705818393	
http://www.sensormeasurement.appspot.com/ont/transport/traffic	5.21788596830468E-5 0.40250176956650124 0.004226915431422411 0.057477154505046174 4.972976575031861E-7 0.5249051499167375 3.8644290249648165E-4 3.832659840991301E-5 4.8456445948269324E-5 0.010363108476097317	
http://online-presence.net/opo/ns#	5.429604306637582E-6 0.0946784408921457 0.03821479383428217 0.6328734770896228 3.418517656987726E-9 0.22368289064002503 0.008653120486828531 3.989555040967989E-6 0.001165631589217544 7.222228900128279E-4	
http://www.bbc.co.uk/ontologies/provenance	4.098022381930284E-9 3.769082414590491E-5 0.09063810927585017 0.9092868550785026 6.68057059092901E-9 3.565604327455001E-6 7.107826029840501E-9 2.0306988801988715E-5 2.2965126453100613E-9 1.3452045440085081E-5	
http://lod.xdams.org/reload/oad	0.0010983054225165683 0.2480692333763313 0.05957738178735518 0.533843607443095 3.4364677073316913E-9 0.13028957979388736 8.031382234409349E-4 0.009038613197726515 0.0067651448348613735 0.010514992484318133	
http://data.press.net/ontology/event/	2.9184327587919833E-6 1.3092903099807282E-6 0.13711471783728835 0.0023077461824026315 4.757610926177032E-6 1.586051122943717E-6 0.09625291674276054 0.7643100179849359 1.635476117603824E-6 2.3943913769671316E-6	
http://purl.org/spar/datacite	2.4826180871631673E-5 0.13812352957318877 0.020435165927685232 0.7234092414695455 1.7241917441783687E-6 0.020602969953030396 0.04386034496238111 0.05333367740171476 1.6864192278742045E-4 3.987841705102471E-5	
http://def.seegrid.csiro.au/isotc211/iso19115/2003/lineage	0.0010843270684657996 0.6398098139444075 0.004474558280883699 0.14740120907208612 8.988064907504694E-9 0.19610409607431753 8.308782923972661E-6 9.87494430796843E-4 0.007991914265841754 0.0021382690922118973	
http://purl.org/spar/pwo	0.0010013012581789262 0.07221478033789158 0.009185964626990506 0.35109782339367945 2.0040476596052193E-5 0.5579613097795595 0.002885188915061686 6.027417741048017E-4 0.004245096380589582 7.857530573479671E-4	
http://www.linklion.org/ontology	4.5855216290686895E-9 0.4484170544066331 0.06250322392626155 0.23504699563022757 7.475288830608029E-9 0.2514883810352774 1.0437371706670679E-5 3.155492401002212E-9 9.808717357755976E-7 0.0025329115418550835	
http://archivi.ibc.regione.emilia-romagna.it/ontology/eac-cpf/	4.062097797349288E-4 0.013857867826530399 0.09354963737257514 0.773120811488529 7.186877103072086E-9 0.10732435922713701 7.646513340618227E-9 0.009750319181927335 6.267068336194374E-4 0.0013640734565562888	
http://purl.org/vocab/frbr/extended	5.604674746433338E-6 2.5144133658698098E-6 8.003765612588268E-6 0.0012986670604185537 9.136705901813211E-6 3.0459158767784685E-6 9.72104330790019E-6 0.9986555673023991 3.1408336091057215E-6 4.598284761962525E-6	
http://vocab.deri.ie/odapp	1.746666994586381E-4 7.836035159232916E-5 2.49433086849684E-4 5.301787941463324E-5 2.8474056675805256E-4 9.492434389062843E-5 3.0295113038734885E-4 1.2019558240788609E-4 0.9984984072669331 1.4330309230773064E-4	
http://purl.org/openorg/	8.649590395041781E-6 0.0010638409014189297 1.235206275098565E-5 0.0021113254751516067 1.4100508448048096E-5 0.9961883470130158 1.5002305509219212E-5 4.018067579646683E-5 5.391050200820634E-4 7.096447431860104E-6	
http://purl.org/acco/ns	0.002507061118976021 0.02295262865744975 0.0022424202985342465 0.10830651689342954 5.034538921337235E-9 0.8562971765945184 0.0019469386672675466 0.004292675386572784 8.419131666636343E-4 6.126641820495512E-4	
http://www.w3.org/2000/10/swap/pim/doc	5.471753723389125E-6 2.4547812887077685E-6 0.028441058640333233 0.6535080822973981 8.92001887702271E-6 0.01547794303816138 9.490498079139953E-6 0.2973372947395009 3.066345287227694E-6 0.0052062178873508325	
http://purl.oclc.org/NET/ssnx/cf/cf-property	0.0062765281434463555 0.17964050032461246 0.003810738480589103 0.09684871673633881 3.39109944613872E-4 0.6091449706202016 0.029101327551321342 8.428298667137904E-5 0.009779197353622475 0.0649746278585825	
http://purl.org/dqm-vocabulary/v1/dqm	9.10583627340278E-6 0.12433489787516461 0.006326884046578147 0.37852651644707486 1.265371677887591E-8 0.3978509207757872 0.005692500009142138 5.289542243713882E-6 0.08491484337252317 0.0023390294414959724	
http://dati.cdec.it/lod/shoah/	0.03772222031096315 0.015863695697455278 0.006099530134848452 0.8780171343583788 0.002037848766950973 0.049272559085174736 0.0015898319166807034 2.803637631095809E-4 0.008552754936232703 5.640610302055039E-4	
http://rdfs.org/sioc/ns#	9.486176080184316E-7 0.0041226860498277135 1.3546750407568837E-6 0.9930903512856761 1.5464305227099094E-6 0.0027795049425850854 1.6453323818750058E-6 6.52784109572939E-7 5.31600886804325E-7 7.78281361403953E-7	
http://sensormeasurement.appspot.com/ont/home/homeActivity#	0.9853959457042082 1.5638130900469268E-7 4.977858296701824E-7 0.005809118314240727 5.682478658087251E-7 0.002182694378384278 6.045901195147613E-7 0.006385870097741667 2.2425851479025222E-4 2.8598551058182063E-7	
http://purl.org/NET/c4dm/event.owl	3.0664557529242123E-6 0.0026987139088554967 0.9401304966840468 0.01376406277721144 7.463281431031274E-9 0.014092803088727426 0.029160519143726252 2.253006594550138E-6 4.0804999918276025E-5 1.0727247188585648E-4	
http://open-multinet.info/ontology/omn-federation	6.936780924865182E-6 3.1120333405058564E-6 2.810902933810695E-4 0.004542947857549533 1.1308297106113765E-5 0.004246517085170201 1.203151848034406E-5 7.307563086047462E-4 3.704381235174435E-4 0.9897948617019252	
http://vocab.deri.ie/pdo	0.001457223433301289 0.03546245116333357 0.039582317216457545 0.4281852202041936 1.3408345549666641E-9 0.4835006304789825 0.006913847507940134 0.001143221463943377 0.00317902492014815 5.760622708651866E-4	
http://def.seegrid.csiro.au/isotc211/iso19150/-2/2012/basic	2.2644015664640445E-8 1.0158736808120767E-8 3.233682632928767E-8 0.0024826450389319596 3.6914133455385865E-8 1.230611408286278E-8 3.927497435615164E-8 0.9975171700586694 1.2689600853266046E-8 1.85779972774724E-8	
http://www.essepuntato.it/2013/10/vagueness	0.0010605291928464699 0.025786562984285978 0.003034952964732068 0.9399104394114766 5.872934256245406E-8 0.022527336632240137 5.519240284470425E-6 0.0033562706146292704 0.004318300673094049 2.9557068366556095E-8	
http://id.loc.gov/vocabulary/relators	0.27519455267786974 1.067364689296295E-8 3.397586455847284E-8 0.364147920060046 3.8785179034024546E-8 1.292986705197397E-8 4.1265682527834416E-8 1.6372121597797852E-8 0.36065735374007296 1.9519649604432404E-8	
http://purl.org/ontology/service	2.4597315206647884E-5 0.999785790079222 3.5126239169944024E-5 7.466205610981953E-6 4.009839021619532E-5 1.3367654021623848E-5 4.2662880042068453E-5 1.692645842680222E-5 1.378422081387873E-5 2.018055726996384E-5	
http://lod.taxonconcept.org/ontology/sci_people.owl	2.743416320088634E-4 0.014800471686844613 0.003876105668694969 0.921617960423781 0.0022390037551029513 0.02165693061492417 1.448279259821583E-7 0.001237696819066114 0.03429018562972815 7.15894192330283E-6	
http://purl.org/vocab/vann/	5.5276460136314626E-8 0.6111348952044241 0.011542027851983454 0.36826769410489346 9.011134140838505E-8 8.713807101672063E-4 9.58744061347154E-8 3.8038082474352604E-8 3.0976670662113427E-8 0.008183691851570855	
http://data.ordnancesurvey.co.uk/ontology/admingeo/	2.3622307620261494E-4 0.9302995778795039 0.003344534357038179 0.05282192881657198 1.859101979443597E-8 0.006554406852113352 0.0019238346568300417 5.301149669496325E-4 0.0021107630757638217 0.002178597728006531	
http://purl.org/muto/core	0.17800929916540204 1.2466328206684583E-4 0.004062380973344255 0.4855695910229683 1.2937971597177153E-7 0.13633228539994363 1.3765418692921053E-7 0.1958435451955802 5.790281308652104E-5 6.51137054046986E-8	
http://purl.org/dsnotify/vocab/eventset/	4.603943992960033E-6 0.06906314687383247 0.0031215848503294273 0.005923571054976332 7.50532085360785E-6 0.9198736098496907 7.985323139615256E-6 3.168169612881254E-6 2.5800287584451452E-6 0.001992244584813505	
http://www.w3.org/2000/10/swap/pim/contact	0.0079914851887944 5.164411307469591E-5 2.2072104432182836E-5 0.9859032961313948 8.482687688175863E-8 0.005129414376399734 9.02519740378036E-8 1.3526957210239195E-5 8.806839236634107E-4 7.702126179603367E-6	
http://swrc.ontoware.org/ontology-07	8.920565148199299E-4 0.03422455899974151 0.0023857625225965143 0.8569319760819446 3.4256271273662114E-8 0.10061773005336883 1.8295058562301563E-4 0.0015421670547863774 0.0016786890380249323 0.0015440748928229598	
http://www.w3.org/ns/auth/acl	0.9673599659727562 3.237638145719129E-7 1.0305901650243034E-6 1.029089582902216E-4 1.176471138574881E-6 3.922017582776443E-7 1.2517122704268562E-6 0.03253195381645683 4.0442366558450284E-7 5.920896839115715E-7	
http://linkedscience.org/teach/ns#	8.175497859878801E-7 0.010592818207116755 1.167503407371281E-6 0.8577130726433162 1.3327645746820746E-6 0.02657240691234442 0.10290642252022471 1.240161544965489E-5 0.002198889535361563 6.70748418620746E-7	
http://purl.org/net/opmv/ns#	1.0868223930066974E-9 0.08756272218384595 1.5520386266256563E-9 0.20785135723821474 1.7717311033483638E-9 0.5935700679531606 1.8850420458630776E-9 7.478886983394712E-10 0.11101584468958599 8.916697355011773E-10	
http://purl.org/vvo/ns#	0.002419907892050249 0.01565856043769532 0.001335465674937052 0.12483710810209324 5.407383214190302E-9 0.8483362530760572 6.154522922191827E-4 0.005123145063357104 9.894552374853922E-4 6.8464681672202E-4	
http://purl.org/ontology/daia	2.0060403213647256E-9 0.39854266705058217 0.033021165749791054 0.5666750951159149 3.2702344511877664E-9 0.0017471595149233124 3.479382073650267E-9 7.3177211247193514E-6 1.1241756475829623E-9 6.584967831466627E-6	
http://www.w3.org/ns/ldp#	8.879830994935054E-6 0.9999226684750766 1.268085824393021E-5 2.6953609953755076E-6 1.4475845241538312E-5 4.825831905374051E-6 1.5401646941873042E-5 6.110589261879097E-6 4.976215907947057E-6 7.285345430401067E-6	
http://guava.iis.sinica.edu.tw/r4r	2.0116624858012293E-9 0.511395429791351 0.027714968647092973 0.2586268073687459 3.279399668673519E-9 0.1866766556038205 0.011520677541835484 0.002791348281034544 3.144797854943657E-4 9.596276895631283E-4	
http://reegle.info/schema	0.21003667077995444 0.019508274985093953 5.400086014878842E-4 0.302755270806603 1.652257859713384E-5 0.46607854716693786 5.120661441476017E-4 2.67420732229686E-4 4.329730024056219E-5 2.4192090470772805E-4	
http://purl.org/net/p-plan#	6.384326513614978E-7 0.007739055826893435 0.2501687827004065 8.160323525755402E-4 1.0407689362022169E-6 0.0010032120449051198 0.24040441882719216 0.4967991642112675 0.0016189751570817135 0.001448679678090484	
http://purl.org/essglobal/vocab/	0.03729288426358497 2.5515253495091026E-4 4.894254187696494E-4 0.032737483725134665 0.0051884971165620615 0.9206541410830688 0.0031772609162459002 2.6993061320797024E-7 2.0456318650031964E-4 3.2182456964147257E-7	
http://linkedgeodata.org/ontology	0.8994081303096564 0.005285090025389802 2.5884228504140293E-4 0.042487373199723205 4.2929892330821373E-4 0.04999384579835844 5.980928644695196E-4 3.210551121570121E-4 0.001215836915995884 2.434565901537421E-6	
http://purl.org/vocab/frbr/core	3.6466640327012555E-4 0.13740698688824463 0.06180275368756757 0.6236259938425127 1.9271699449951487E-9 0.1559871177093081 2.0504219680819124E-9 6.020719844576961E-4 0.012590252773929108 0.007620152733118235	
http://purl.org/ontology/ecpo	1.6568975842988123E-8 7.433304554362484E-9 0.9999998719342943 5.029304189007918E-9 2.7010641334355384E-8 9.004573657772506E-9 2.8738105068405388E-8 1.1401816760279218E-8 9.285176847993719E-9 1.3593807417392414E-8	
http://www.w3.org/ns/rdfa#	3.181148563451809E-6 1.4271519452312448E-6 0.1401095125155235 0.13676385279151915 5.185888596431232E-6 1.7288266231639976E-6 5.517551749788646E-6 0.1148378012963662 0.6082691828958651 2.6099332479852067E-6	
http://www.eclap.eu/schema/eclap/	0.09231459215986439 0.06522075431369939 0.016067997498225278 0.7452504708168806 6.160237500245361E-4 0.05414929983111414 9.659072302322427E-4 0.01769856012591326 0.006780009442797283 9.363848312488576E-4	
http://ns.inria.fr/ast/sql#	2.0925302634894464E-7 0.969865490717916 3.1573147943041E-5 0.01660177457874237 3.41122981673709E-7 0.008559059791889995 2.1405955616745942E-4 1.007494058237898E-6 7.290594902601275E-6 0.0047191937423720735	
http://rdfs.org/scot/ns#	4.1371385996914533E-7 1.856035731268786E-7 0.9999968023034178 1.2557763791260475E-7 6.744337605759356E-7 2.2483688555259002E-7 7.175671259778162E-7 2.8469409740567947E-7 2.318433191454788E-7 3.3942632252111284E-7	
http://purl.org/spar/scoro/	0.002201416805440024 0.06129953935204394 0.04861220452201885 0.7505505533216463 5.913925288756343E-8 0.12717424587795867 0.0010156940337276285 0.0045921306080459615 0.002184060046481931 0.002370096293383622	
http://purl.oclc.org/NET/ssnx/cf/cf-feature	0.014142087418244687 0.1294637810767801 0.00582443970298361 0.12621306179328437 0.0012144065849223021 0.6486183720746547 0.015844909643429175 1.2643498979712792E-4 0.015399679180047149 0.04315282753585632	
http://www.bbc.co.uk/ontologies/cms	0.0811741270061672 0.19674746067964183 4.2610747207021585E-5 0.691165274957383 2.39058844835222E-8 0.002704803326875831 2.5434783703813847E-8 0.023133867615741443 0.00503179429505778 1.2031257821268087E-8	
http://www.w3.org/ns/dcat	1.810086868762218E-7 0.6538709135547405 4.5681010115338185E-5 0.19908969859425663 2.9507923518913975E-7 0.03720185037136893 0.10731182013201863 1.2553633334982716E-5 1.01436424592296E-7 0.00246690517981817	
http://www.opmw.org/ontology/	7.32138489303055E-4 0.09135094698035369 0.006963817024165337 0.4561513236271954 1.3748654710033427E-9 0.42699106983965895 0.001075680236479513 8.142084245725975E-4 0.007727454049847786 0.008193359953558042	
http://purl.org/ontology/ao/core#	0.002182543917690611 0.10931595756975396 0.02954801215540587 0.7371095671480409 2.6121092669417315E-9 0.09742236046024308 0.001435893665193952 0.011756475659194755 0.010830255382036982 3.989314303307383E-4	
http://sw-portal.deri.org/ontologies/swportal	0.0010070258799081617 8.120324716605268E-4 0.009433166970728532 0.035021562512291 2.0863666616052285E-7 0.9413429264852083 4.738587449072962E-4 0.007451294774901153 0.0044578185219031575 1.0500182594278343E-7	
http://purl.org/lobid/lv	2.5687386019780188E-6 1.152407760744637E-6 3.668291670863378E-6 0.9142058720370875 4.187541687382221E-6 1.3960063777184673E-6 4.455355631902466E-6 0.08577315262282721 1.4395091417631413E-6 2.1074892130818377E-6	
http://purl.org/swan/2.0/discourse-relationships/	2.0305961036556307E-5 9.109820310204514E-6 2.8997963312388917E-5 6.163619035403612E-6 3.310265134703117E-5 0.9998250877248697 3.5219729168140326E-5 1.3973395161787517E-5 1.1379365935444097E-5 1.665976982354264E-5	
http://ns.inria.fr/nicetag/2010/09/09/voc	0.12274269852820738 0.0022583836718312513 0.00504537609925518 0.05864002830011916 2.3597377078307468E-6 0.8109658002969774 2.5106545728428735E-6 4.867792783505388E-5 2.929771841489858E-4 1.1875993449666726E-6	
http://rdvocab.info/ElementsGr3	6.297501313889302E-10 0.3952036594241886 0.0065608692471041926 0.3819574485115426 1.0266147461617592E-9 0.14808265249208769 1.0922718226036916E-9 4.3335784123899226E-10 0.06819536662641185 5.166705587781707E-10	
https://raw.githubusercontent.com/airs-linked-data/lov/latest/src/airs_vocabulary.ttl#	0.023518218745189966 0.12431248821440812 0.003933848663504564 0.7769507781617978 6.808706296683166E-4 0.06778258191764924 0.0013523066969059478 8.988940791308069E-4 2.341579713140531E-4 3.358549204309747E-4	
http://purl.org/linked-data/sdmx/2009/code	1.1916958163413342E-9 0.6312400577270681 2.7060374320370705E-5 0.01136291733222557 1.942695105592152E-9 0.23905425756554355 0.10190965392721155 8.200565599632633E-10 1.803783932074425E-6 0.01640424533525142	
http://purl.org/spar/fabio/	0.013055586003992177 0.06144169768966117 0.0026017189479336598 0.8857706438476939 3.8503115049326386E-8 0.027554376343361078 7.62805922292237E-6 0.00867978595216197 5.099882492627082E-4 3.7853640359603816E-4	
http://rdf.myexperiment.org/ontologies/base/	0.013628486159822675 0.020106209525498984 0.0025331300952916927 0.8545589932265887 0.006354902732555532 0.0858190997084505 0.0038317551168263963 0.002842195303802693 0.0067716681260379845 0.0035535600051246493	
http://dati.camera.it/ocd/	0.008457348121794283 0.3191727719450069 0.0431982920705507 0.5547051149632183 0.003562762253103691 0.03950993307151073 0.008996004813662112 0.009265349226087 0.010129574895704554 0.003002848639361646	
http://www.wsmo.org/ns/wsmo-lite#	0.006924039920780644 1.1849096957842303E-4 4.573479839896824E-7 0.0016436571751257984 5.220860063579006E-7 0.9913116144143415 5.554759814745279E-7 2.2038458487201327E-7 1.7947226202030391E-7 2.6275335479420185E-7	
http://data.press.net/ontology/stuff/	0.007567998341724086 5.33585259862498E-6 3.213821573098291E-5 0.9485642813291905 2.9824737294991395E-9 0.010652126133017397 3.173217634528656E-9 7.93277739650801E-6 0.033170179693643276 1.5010074364534149E-9	
http://purl.org/ontology/po/	0.04392554620718982 0.03918302647764608 0.015590796748336513 0.8263575103422692 8.650521358904357E-9 0.049617737971633546 5.444484066705737E-4 0.010522174544790153 0.014051833256760625 2.0691739418243752E-4	
http://salt.semanticauthoring.org/ontologies/sao	1.412480724444483E-6 6.336782370532379E-7 2.017095578641173E-6 0.031027778008874674 2.3026172891552663E-6 7.67626607943105E-7 0.8920747643309971 0.0622215575125447 0.01466760779713683 1.1588520093716568E-6	
http://www.ontologydesignpatterns.org/ont/dul/ontopic.owl	0.0013356647055252212 0.023780946920761988 0.008771276104309701 0.6372065452055518 1.2821916249365714E-8 0.15700107043029435 1.9327967644138858E-4 0.0015455286437115342 0.16928589849951303 8.797769919746045E-4	
http://mex.aksw.org/mex-perf	9.932112052979628E-4 0.08940687009843895 0.008482334273642974 0.6466254723087851 1.5622359711553662E-7 0.19121752083690202 0.0014651082726889917 0.055430898022321685 0.0021032186161781905 0.004275210142146963	
http://www.ontologydesignpatterns.org/ont/dul/IOLite.owl	1.1614125231918104E-4 0.02894282210824899 0.009804772361633343 0.5791868831824931 9.731808668282571E-9 0.2512711792301996 5.108441019220959E-4 3.0772247320700143E-4 0.12855202942040317 0.0013075961377649688	
http://www.aktors.org/ontology/support	3.6809602574787144E-7 1.6513814073742592E-7 0.9348660714943746 6.786977419646609E-5 6.000678510425255E-7 2.000454227460732E-7 0.06506396380241967 2.5330252609067427E-7 2.062792974352148E-7 3.019997453398225E-7	
http://securitytoolbox.appspot.com/securityAlgorithms#	1.1020148289353234E-6 0.9959249575923254 1.5737342114291045E-6 0.0031821643770580223 1.7964977178785525E-6 8.842143498384121E-4 1.9113926075452978E-6 7.583432594567044E-7 6.175639745474256E-7 9.041341780938813E-7	
http://contextus.net/ontology/ontomedia/ext/common/trait#	0.08709365403433544 0.0025399210798280037 3.202021435294353E-7 0.8529915561916032 3.65527047663325E-7 0.046666677356673326 3.889043051981034E-7 1.5429742547734812E-7 0.010706778445649046 1.8396098894042942E-7	
http://purl.org/spar/biro	0.0020612552070373167 0.14414945900358167 0.05562949953780459 0.6090532486757795 6.7337136713793314E-9 0.12583051712411672 1.3877132856317738E-6 0.055415702742188884 0.00602447871616321 0.001834444546328897	
http://ontologi.es/doap-bugs#	1.9851091716441747E-7 0.001065975879340112 2.834838638111898E-7 0.17029453834913813 3.236112621137736E-7 0.8286248106091372 3.443077984274322E-7 1.3251138170113636E-5 1.1124459288224997E-7 1.6286578022413042E-7	
http://kmi.open.ac.uk/projects/smartproducts/ontologies/food.owl	0.0080985380004371 0.1048999943549706 0.008258547017602674 0.19364020250318356 2.1413675417105137E-4 0.6370601062090429 0.008804770454586988 2.591383814177816E-4 0.021672332962031148 0.017092233362556147	
http://www.w3.org/1999/02/22-rdf-syntax-ns#	1.1880039393736594E-7 0.8153228382343553 1.696531111574181E-7 0.047139846076568834 1.9366766307286837E-7 0.011324822325877974 2.0605366532565717E-7 1.3172527647460806E-5 6.657518713123001E-8 0.12619856608552982	
