http://lod.geodan.nl/vocab/bag	1.4944599593297666E-6 5.225880727738846E-6 3.2458161017877565E-6 2.3432591890945616E-6 3.4036071831479926E-6 0.001239363627080379 2.983725732759019E-6 0.0011140675959440257 2.915528471690133E-6 0.9976249564996101	
http://www.w3.org/ns/auth/cert#	1.0866188217168133E-5 3.799727335187282E-5 2.3600263399601827E-5 1.703779029431446E-5 0.9998261379915485 1.285504697765328E-5 2.169460961343378E-5 3.855479779384673E-6 2.1198748703916863E-5 2.475660811408746E-5	
http://purl.org/dc/dcam/	1.979164958155845E-6 6.920814403405797E-6 4.2985464074643815E-6 3.103259104387478E-6 4.507514588236353E-6 2.3414152235482954E-6 0.999447795359146 1.0442431909337344E-4 3.861135087394806E-6 4.2076847198790353E-4	
http://purl.org/rss/1.0	2.399848830486116E-7 0.012716298800966372 5.212229292072675E-7 3.762876207801802E-7 0.023134005847240853 0.06931870604925139 0.8948287517113289 8.515008625472265E-8 4.6818434641584266E-7 5.46761346683901E-7	
http://data.lirmm.fr/ontologies/oan	2.7622935946627324E-8 9.659286467051555E-8 5.99942271550888E-8 4.3311764950687574E-8 6.291076761249767E-8 3.267881359661776E-8 5.514986486173196E-8 0.9999995049156534 5.388933689476915E-8 6.293377093457085E-8	
http://data.lirmm.fr/ontologies/vdpp	9.123129963427444E-7 3.1902085268255765E-6 1.981451690902143E-6 1.4304737966812306E-6 2.077777359136492E-6 6.928869538392277E-5 1.8214551326882866E-6 1.6083507512176332E-4 1.779823205917878E-6 0.9997566827267855	
http://purl.org/ctic/sector-publico/elecciones	6.245507523529003E-5 2.1839512794170646E-4 1.356461158905754E-4 0.9989563884973389 1.4224037343243089E-4 7.388634451168744E-5 1.2469307990326412E-4 2.215995847643832E-5 1.2184304364480979E-4 1.4229238362474056E-4	
http://www.w3.org/2003/g/data-view	8.688896110997228E-7 3.038364089202467E-6 1.8871404836088127E-6 1.3623874984454875E-6 1.978881336525065E-6 1.0279241023484472E-6 1.7347592857074026E-6 0.9999844269397637 1.69510891483043E-6 1.979604914482484E-6	
http://www.w3.org/2004/03/trix/swp-1	8.314665938252061E-7 2.9075019516605266E-6 1.8058614695483876E-6 0.03251073613185147 1.8936510500825013E-6 9.836514802021304E-7 1.6600433196205367E-6 2.950162997049925E-7 1.6221006875579253E-6 0.9674772645752959	
http://www.w3.org/ns/regorg	6.3408489665127E-4 0.0042959660399289265 1.933377746785065E-6 1.3957676679987355E-6 0.0015583843523751927 0.915726398153855 1.4130638923725775E-4 0.07756926206344375 1.736641168358023E-6 6.953231792553759E-5	
http://www.w3.org/ns/radion#	5.359222594880784E-7 0.9996234063128769 1.1639690232537323E-6 8.403067284244679E-7 1.2205538466353972E-6 6.340131133753524E-7 1.0699818529163359E-6 3.6886241424868496E-4 1.0455259081352343E-6 1.2210001421473953E-6	
http://semweb.mmlab.be/ns/oh	0.006399339969919984 2.0664580377746E-6 1.283485621299223E-6 9.265896100902422E-7 1.3458805869239152E-6 0.10353208558295723 0.8900602431019519 2.0967786571965197E-7 1.152880740791727E-6 1.3463727081582919E-6	
http://vocab.deri.ie/c4n	1.0866188217168133E-5 3.799727335187282E-5 2.3600263399601824E-5 1.7037790294314463E-5 0.9998261379915485 1.285504697765328E-5 2.169460961343378E-5 3.855479779384673E-6 2.1198748703916863E-5 2.475660811408746E-5	
http://www.w3.org/ns/hydra/core	1.2512933200806505E-7 0.001858477976377494 2.7176827194478455E-7 0.006658978865665373 0.0033739452866343024 0.08133316879944207 0.9066942904715156 8.021250494305502E-5 2.4411368657658407E-7 2.850841320056322E-7	
http://labs.mondeca.com/vocab/endpointStatus	2.802219321318075E-5 0.9995858061122761 6.086137361588529E-5 4.3937785910850114E-5 6.382006925814008E-5 3.315114766769566E-5 5.594699172536552E-5 9.942676967138446E-6 5.466824429934608E-5 6.38434050663585E-5	
http://purl.org/ctic/dcat#	9.115040839716986E-7 3.187379893282145E-6 1.9796948149266552E-6 0.03917317304996355 0.004794486734066936 1.0783383819236584E-6 0.956021004944797 3.234147517366767E-7 1.7782451060603595E-6 2.076694140602557E-6	
http://purl.org/cld/cdtype/	0.9989327866748589 1.799630269294026E-5 1.1177577923533302E-5 8.069453524096358E-6 1.1720961175151031E-5 9.843825562423818E-4 1.027502046773266E-5 1.8260357919312986E-6 1.0040170378921665E-5 1.1725246944585288E-5	
http://vocab.deri.ie/csp	9.002753136615216E-7 3.1481147299742716E-6 1.9553070598392623E-6 0.9195839271665761 2.0503617412161293E-6 0.030416281268032058 0.0499876106254695 3.1943062261862567E-7 1.7563389992175421E-6 2.0511114559834047E-6	
http://purl.org/ctic/empleo/oferta	1.593521035665556E-5 5.572281022012663E-5 3.460966755121642E-5 2.4985833755716217E-5 3.629217102558664E-5 1.88518617236855E-5 3.18150358604487E-5 0.9997143941099175 3.1087858331137145E-5 3.630544125786196E-5	
http://data.press.net/ontology/classification/	1.982610960005211E-7 0.9999970695179526 4.306030775459411E-7 3.108662310708766E-7 4.515362798939103E-7 2.3454919535637655E-7 3.958331103143517E-7 7.034588683646625E-8 3.867857861359141E-7 4.5170138413390473E-7	
http://purl.org/ctic/infraestructuras/organizacion	4.3853119689951066E-6 1.5334714831819154E-5 9.524454711192462E-6 6.876010631293649E-6 9.987473551790943E-6 5.187963823784098E-6 8.75538222779483E-6 0.0010595536348485279 8.555265614866507E-6 0.9988718397877899	
http://purl.org/ontology/dso	6.280817618138062E-6 0.9999071637167173 1.3641301548478825E-5 9.84809496356768E-6 1.4304455484190088E-5 7.430407418460776E-6 1.2539805454814157E-5 2.2285243767887895E-6 1.2253190509959881E-5 1.430968590831416E-5	
http://zbw.eu/namespaces/zbw-extensions	1.0690635190737727E-6 0.9040804978533767 2.3218979955807904E-6 1.6762529495396236E-6 2.4347740132113216E-6 1.2647362152328196E-6 2.134411371747211E-6 0.09590407971988182 2.0856263886137766E-6 2.4356642883252148E-6	
http://purl.org/prog/	4.661672441330815E-7 0.9599973988513538 1.0124681746654289E-6 7.309333861039858E-7 1.0616879835249913E-6 6.577559039382821E-4 9.307142646451546E-7 1.6540283930724817E-7 9.09441477073004E-7 0.03933956842933845	
http://www.w3.org/2003/06/sw-vocab-status/ns	7.03880829859186E-7 2.461355515363308E-6 1.5287580754731623E-6 1.1036596947935314E-6 1.6030766389106412E-6 8.327134551390595E-7 1.4053152322585584E-6 0.9999873843829843 1.3731947700035378E-6 1.6036628038810005E-6	
http://www.w3.org/2004/03/trix/rdfg-1/	2.975187592509648E-6 1.0403741769084826E-5 6.461806978045692E-6 4.664986587231811E-6 6.7759392266488565E-6 0.9999491399804583 5.9400345416665435E-6 1.0556393257272827E-6 5.8042666720032525E-6 6.778416848815845E-6	
http://www.w3.org/2004/09/fresnel	4.463554785739322E-6 1.5608317095670353E-5 9.694390207190294E-6 0.008070139924594226 1.0165670238452109E-5 5.280527569672621E-6 0.9918641865859711 1.5837334009550743E-6 8.707908821195903E-6 1.016938731575794E-5	
http://inference-web.org/2.0/ds.owl	1.182128518144959E-5 4.1337090379154573E-5 2.5674637547988962E-5 1.8535347806014246E-5 2.6922776288812245E-5 0.00793215319104779 2.36014839808706E-5 0.9918699595283986 2.306203876746346E-5 2.6932620601917603E-5	
http://purl.org/ontology/olo/core#	1.070007227191809E-8 3.741639320755524E-8 2.3239476343053254E-8 2.539000735398906E-4 2.436923292427062E-8 0.9422423678304513 2.1362955080055433E-8 0.0010476912448741337 2.0874674602797808E-8 0.05645590288833022	
http://ontologi.es/doap-deps#	7.371359615465296E-6 2.577643242376915E-5 3.632710857118114E-4 3.2493186547073337E-4 1.6788146366943606E-5 0.9986547169938786 5.733536481578393E-4 2.615464353828934E-6 1.4380719068307686E-5 1.6794284952634838E-5	
http://data.press.net/ontology/identifier/	1.3608815183215282E-6 0.24318190634049272 2.955697218394793E-6 2.133813022669428E-6 3.0993845517613004E-6 0.28595343956537983 0.004066272122001771 0.465194806024697 0.0015909256532758752 3.1005178417175123E-6	
http://purl.org/vocab/changeset/schema	3.273770967943629E-7 0.1211513022108821 7.110299914681082E-7 5.133154525642375E-7 7.4559577945946E-7 0.8711743869192604 0.0022382021505243438 1.1615809994254543E-7 0.004852013931381471 5.816813115315542E-4	
http://data.press.net/ontology/tag/	7.228392498864858E-7 0.9999893157685115 1.5699338491062428E-6 1.133385812018919E-6 1.646254118630468E-6 8.5514187025596E-7 1.4431661799100948E-6 2.564737565726825E-7 1.4101805808463E-6 1.6468560714462151E-6	
http://www.w3.org/ns/adms	1.0156192189251E-6 0.0113909224292832 2.2058223731538515E-6 1.5924542190040328E-6 0.47678074555862193 0.00825659774911209 0.4953194348958124 0.00336765867297542 1.981362384911135E-6 0.004877845435999031	
http://vocab.deri.ie/ppo	5.152198638026761E-6 1.8016391406044472E-5 1.1190055106204491E-5 0.9999139078170609 1.1734044919649595E-5 6.095215194725947E-6 1.0286490153580809E-5 1.8280741389055645E-6 1.0051377908918293E-5 1.1738335473155006E-5	
http://open-multinet.info/ontology/omn-lifecycle	4.301333427548793E-5 1.5041055681871282E-4 9.342061800409263E-5 6.744335314265359E-5 0.9993117747881898 5.0886145327694696E-5 8.587717023017238E-5 1.5261749311597753E-5 8.39143263488654E-5 9.79979583508464E-5	
http://purl.org/reco#	3.449722359633073E-6 1.2063111816887585E-5 7.492448567585557E-6 5.409039946885221E-6 7.856684101713356E-6 4.081131497692877E-6 6.88745476990067E-6 1.2240110824734753E-6 0.9999436768389591 7.85955689824212E-6	
http://rdf.insee.fr/def/demo	1.408747996481321E-6 0.9989411031829263 3.059658374782419E-6 2.208865929973704E-6 3.208399643052025E-6 7.23154598304022E-4 2.8125997099039892E-6 4.998440397066759E-7 2.7483137755124157E-6 3.1979578930020543E-4	
http://www.holygoat.co.uk/owl/redwood/0.1/tags/	3.303695084647345E-6 1.1552478449089377E-5 7.175292074037593E-6 5.1800744588287845E-6 7.524109462309937E-6 3.908376577343316E-6 0.9999462117657556 1.172198506186918E-6 6.445148979027737E-6 7.526860652922353E-6	
http://purl.org/wai#	0.9995725260999051 8.651619398946753E-5 5.3735565380557624E-5 3.879343542902201E-5 5.634784922628497E-5 2.9269724902709434E-5 4.9396572129276036E-5 8.778562435961556E-6 4.826754378447127E-5 5.636845281726112E-5	
http://purl.org/net/ns/ontology-annot	4.264555795066045E-6 1.491245034881863E-5 9.262184496937265E-6 6.6866693161030584E-6 9.712453415969607E-6 0.5065956901542514 0.035455584170500154 0.457885851673618 8.319683482990293E-6 9.71600477454505E-6	
http://www.w3.org/ns/locn	1.909307787421803E-4 1.2442734204363273E-5 7.728233600207387E-6 0.9992307236116118 8.103931513625704E-6 1.9816874229306418E-4 8.504039925481425E-5 1.2730218378593385E-4 6.941824302635842E-6 1.3261756069140774E-4	
http://rdaregistry.info/Elements/m	0.014986336367520293 3.248818465562663E-4 1.6254512051706546E-8 0.006846605434406454 0.11842117691038088 5.114388176147401E-4 0.002855029722592983 0.8557570130113266 2.97484584153494E-4 1.7050936175424214E-8	
http://purl.org/ctic/infraestructuras/localizacion	2.664373574269822E-7 0.016284634436485843 5.786750320444352E-7 4.177641443059121E-7 6.068065577375172E-7 3.1520388547238596E-7 5.319486778887864E-7 4.1633907037482896E-5 5.197902403813E-7 0.9836704950305815	
http://ns.nature.com/terms/	0.009026222332846449 0.0010573521411460758 0.001083010285862034 0.018942041665184674 0.005203818777269042 0.0027151364602810333 0.0699991362424758 0.8861745588918911 0.005736597844744815 6.212535829866876E-5	
http://purl.org/uco/ns#	0.028156896078039714 1.6135721221603383E-4 7.138387886461881E-4 0.003000609696669951 9.349613096251836E-4 0.004570870842619053 0.0012713803907807234 0.9607456546548999 3.499082269487426E-4 9.45227995543711E-5	
http://contextus.net/ontology/ontomedia/ext/common/being#	0.015092566916991167 1.8133497659295928E-5 1.9094413107685095E-4 7.223087773698262E-4 0.0069398758470507515 0.0015330259686395298 0.0046538219698511515 0.9705067063117904 2.788659929192852E-4 6.37505866517692E-5	
http://salt.semanticauthoring.org/ontologies/sro	1.3613106119953238E-5 4.76027935528178E-5 2.956629166518853E-5 2.134485826037512E-5 3.100361805317849E-5 1.6104738403784498E-5 2.7178898156026856E-5 0.9997560130551679 2.6557686094622908E-5 3.101495452606822E-5	
http://def.seegrid.csiro.au/isotc211/iso19103/2005/basic	0.017796884969437068 4.1028205325936296E-9 2.548278776580473E-9 0.7235363470496623 2.672159998176024E-9 0.07878408745186034 0.01310025528763606 0.16663492609246489 2.288971122803891E-9 1.4748753670877334E-4	
http://www.w3.org/TR/2003/PR-owl-guide-20031215/food	0.012074469944331114 0.9859896504264289 0.0011763757662712436 6.7851441299803914E-6 8.136088694806462E-8 4.226267393537753E-8 7.132390988859975E-8 2.741921137852041E-4 4.1186657600138666E-4 6.646508158171719E-5	
http://www.w3.org/2006/time-entry	0.024376996099819647 2.4816144783956415E-4 2.2887828411489808E-8 0.014360512470826628 2.4000490090950746E-8 0.0012541988280964813 0.8224242078480785 0.13733583184894527 2.0558809647935002E-8 2.4009265870112708E-8	
http://www.w3.org/2006/time	0.008269255032401833 4.820869713445016E-6 7.901386396516152E-9 5.059643455937466E-4 8.285501905421496E-9 8.676083900916927E-5 0.9759349003888768 0.015198266951627806 7.09735742335483E-9 8.288531499179472E-9	
http://www.essepuntato.it/2012/04/tvc	0.013003171426764742 0.0026699886570786483 1.3476777492716601E-8 5.176594771527562E-4 6.698202979582553E-4 1.6659513954642334E-4 0.9278798339620743 0.05509136525106989 1.5381744769712216E-6 1.4137100649205813E-8	
http://owlrep.eu01.aws.af.cm/fridge	0.018351879704363343 4.2402932304277404E-4 3.853973599117674E-4 0.025305455564925906 0.001005910374229842 0.02015950337752857 0.012451674736014169 0.9140005297588586 0.007898207680375248 1.741212074977846E-5	
http://securitytoolbox.appspot.com/stac	5.900279199441761E-4 1.353542957029726E-5 6.653075884096385E-8 0.9365739050687446 6.976506419038011E-8 1.4957412139311475E-4 5.6688918433766956E-5 0.06259055363371552 2.5508821801356024E-5 6.979057378598533E-8	
http://contextus.net/ontology/ontomedia/core/space#	0.02434144363078864 2.4202247020027343E-7 1.5032115574332953E-7 0.0059026623677777435 1.5762882104913543E-7 1.4992815802148407E-4 3.0008147190130067E-5 0.015322659903203825 1.3502478135642146E-7 0.9542526127957897	
http://spinrdf.org/sp	6.973732227088038E-9 0.01201710754519809 1.5146242099647867E-8 0.16259437598520873 0.005950830778205197 9.946709966492078E-4 0.011070692441894571 0.7892892718637475 0.01808301238075817 1.588836419802E-8	
http://purl.org/net/cartCoord#	1.7582246453340944E-4 0.024346828827702477 7.51018815098809E-7 4.934036037232799E-4 3.573085228482167E-4 0.8774180043091051 0.09671658020203452 4.689799625549179E-4 6.745966713855263E-7 2.1646492011390877E-5	
http://www.ontotext.com/proton/protontop	0.008215884476917873 4.718839805819129E-4 5.291793816352394E-5 0.019754349848393794 0.008360762054982835 0.00670912130163813 0.03690912387629723 0.9194942994408515 3.0521125778927733E-6 2.8604969595437087E-5	
http://www.w3.org/2006/gen/ont	0.026435635577467254 4.2773147663898547E-10 2.6566578658158237E-10 0.045491461345261046 2.7858077943100375E-10 0.0026768949662873374 0.10364472931723825 0.8217512773044533 2.3863217768435546E-10 2.786826424925407E-10	
http://commontag.org/ns#	0.0067633548596189854 0.9609493702239857 5.623841460243322E-7 4.0600322897122213E-7 0.002085083808125291 1.0257351920319614E-4 4.5735278776686195E-4 0.0287197974996468 5.051570817145136E-7 9.209937571964213E-4	
http://purl.org/spar/doco	3.2109738470845553E-4 0.005630855875962921 1.4317829540278248E-7 0.0010260948196307547 0.022042918738178367 0.06825209130281693 0.0011588433034237686 0.8780049111718485 0.023536042614430073 2.7001610704671107E-5	
http://www.linkedmodel.org/schema/vaem	1.5800090817119744E-4 0.002709402998130418 4.955875278091883E-8 0.1082720713032598 0.013993061884261606 0.0015886855625610403 0.007690375048051156 0.8231409404612883 0.04244736028853558 5.198698846898672E-8	
http://purl.org/biotop/biotop.owl	0.8457035569736208 0.0037994897018926352 0.045754225197192695 6.747463859213463E-4 8.842643877387731E-5 1.4925188956717235E-4 0.001512344206593922 0.10194497366069824 2.998569989087158E-4 7.312854683092423E-5	
http://purl.org/wf4ever/wfdesc	1.7184936416484322E-7 0.833962425808741 3.732394633967936E-7 0.012583486445954816 3.9138400907923584E-7 0.002430754466403183 0.03998760870409956 0.10965765525679091 0.0012631240469373197 1.1400879823657681E-4	
http://resource.geosciml.org/ontology/timescale/thors	0.011628245893282372 9.031508841816414E-9 5.6095074398856735E-9 0.8933119639729903 5.882206267262347E-9 0.01689269190448727 0.023681335522435273 0.051675263096336466 5.038695397479955E-9 0.002810474048550811	
http://code-research.eu/ontology/visual-analytics	0.0039363544951878 7.21617045084815E-4 7.092945173970609E-7 0.016916282566062507 0.0010434569528320922 0.0012791931590612842 1.3695708687885757E-4 0.973752201928382 0.002076518392385818 1.3670907960742002E-4	
http://def.seegrid.csiro.au/isotc211/iso19156/2011/sampling	0.004791092171156283 9.722677537338974E-4 4.7243729975541365E-9 0.5898483782015239 7.516876831201581E-4 0.005034378314950469 0.013908237090999762 0.3839055038741693 7.430459189865362E-4 4.540426698681423E-5	
http://purl.org/linked-data/api/vocab#	3.0044762481145063E-9 0.02015441079921804 6.525418980072564E-9 0.3147655130381351 0.005238201189778563 4.747412329228481E-4 5.998510056423944E-9 0.6593586794064852 8.431959909231166E-6 6.8451456551374884E-9	
http://reference.data.gov.uk/def/payment#	1.6548291285732837E-5 5.6038521243285965E-6 3.480575697152087E-6 2.6848968498424804E-4 3.0520765461602853E-4 0.07292658522269829 1.1709612037472252E-4 0.9232048991310892 0.0029347740369344046 2.173154301959296E-4	
http://data.archiveshub.ac.uk/def/	0.0020024385794582787 2.651217315555967E-4 6.976828770430432E-5 3.4606739842172002E-6 0.030526089879242133 3.758232313222851E-7 0.015258637627827086 0.9428177818959598 6.197552021198084E-7 0.009055705745835061	
http://purl.org/dc/elements/1.1/	8.829366813725E-9 3.087484384036342E-8 1.917649301586627E-8 1.3844127968089873E-8 2.010873300568083E-8 0.8275678426538456 1.7628046038714007E-8 0.003139054971739813 1.7225132176813948E-8 0.16929297468767146	
http://purl.org/spar/deo	6.101128464714782E-4 0.002003550359134515 1.7726342609672773E-6 0.004798487522802758 0.008877124164544465 0.0016465074504000783 0.0017453003818869548 0.9803136928976691 1.5922546119901652E-6 1.8594882177930404E-6	
http://simile.mit.edu/2003/10/ontologies/vraCore3#	0.020314683575142368 4.2299592891833837E-7 2.6272451833547157E-7 0.07317621845842774 2.7549652529703915E-7 6.783472094197311E-4 0.014344501470772306 0.8551593409168006 2.3599020689935292E-7 0.036325711162257766	
http://schema.theodi.org/odrs	5.672503363150806E-7 1.9835811470531605E-6 1.2320104422079957E-6 0.10061765010790684 0.0011893061905810325 0.517910424426567 1.1325291218498572E-6 0.38027530488493266 1.1066435709954587E-6 1.292375394027235E-6	
http://purl.org/ontology/cco/core#	0.013531035359710251 2.3430517301802627E-6 5.4219066975062205E-5 0.015578755092296136 0.004288845429222512 0.010064255461711625 0.05365401379847819 0.8921413290767389 0.010569548636817356 1.156550263194072E-4	
http://purl.org/archival/vocab/arch	0.005464654696004949 1.6738328931477622E-8 1.5712733402479976E-5 7.505384282993982E-9 0.00939048952855931 3.224111981128841E-5 8.475554156356781E-4 0.9842366249461152 3.535463178627273E-6 9.161853579331294E-6	
http://www.w3.org/2002/12/cal/ical	1.371906456548012E-7 0.0015767420755536119 2.9796422707820024E-7 0.01655270580356799 0.019983872589352327 1.1036412760866282E-4 3.71160635378177E-4 0.9460129414642587 0.015391465585794455 3.125636132483345E-7	
http://purl.org/ontology/similarity/	0.05349173107860867 1.1456882731847972E-6 4.7918566237461864E-5 5.13720980987593E-7 1.3275119682954538E-4 0.21606457620126535 0.4083344754739668 0.3218873905124047 1.1240003850573678E-5 2.8257557582749392E-5	
http://semanticscience.org/ontology/sio.owl	0.0586666349357253 0.003886318435309787 7.414998502216104E-4 0.0073249260386618826 3.223888153814039E-4 5.058400134681469E-4 0.009852914990791146 0.9097379332788195 0.008656355527314542 3.051881143067556E-4	
http://www.sensormeasurement.appspot.com/ont/transport/traffic	0.013177845286470815 9.698954031839677E-7 2.716013565291769E-5 0.06835389199557342 0.003820525684134026 0.02403723444674328 0.01785067162547264 0.8727090868726141 6.504923725598954E-6 1.6109134210155465E-5	
http://online-presence.net/opo/ns#	0.012735486729687011 3.1140864643919786E-9 3.3902165455875736E-6 0.011383923144494787 9.47669290702609E-6 6.715540524917145E-4 0.046908968829538156 0.9282844579693041 7.626117710957783E-7 1.9766391739199637E-6	
http://www.bbc.co.uk/ontologies/provenance	2.2680017916112034E-9 7.930829313468972E-9 4.925870839253939E-9 3.5561448173287485E-9 3.0480645212206877E-5 0.09421046098677305 0.31308695912432316 0.5926720709709964 4.424624263772331E-9 5.167224277254393E-9	
http://lod.xdams.org/reload/oad	0.0024073792235857336 0.0021683961846934914 5.008257426856809E-7 0.029894964068816587 0.011518499498016864 0.020790025228133814 0.1935811581526545 0.7357346243496138 0.0038920544258188557 1.2398042923539208E-5	
http://data.press.net/ontology/event/	2.4718052953820524E-7 0.9454174632917816 5.368511466733083E-7 3.8757013434165315E-7 5.629494591798013E-7 2.521757114290228E-4 0.05258351256528444 0.0017440685026654012 4.822222683298138E-7 5.631553016486169E-7	
http://purl.org/spar/datacite	4.867186603673528E-5 0.04455363029823419 1.4812693773448929E-6 0.008142316504899248 0.0010976788337579617 0.03363567880029113 0.037891489241162805 0.8704744496808633 8.480655906623307E-5 0.00406979694631119	
http://def.seegrid.csiro.au/isotc211/iso19115/2003/lineage	0.0058759163825003015 0.006717604422366836 7.2381168943903565E-9 0.415123724659242 7.589988428686025E-9 0.005568333534003837 0.015989641859044446 0.5466969959843995 0.004017408479547018 1.0359850790896556E-5	
http://purl.org/spar/pwo	0.0047472445020328045 3.4412184547745115E-4 3.90954864211719E-5 0.0076689302361218036 2.1579447282362463E-4 0.00243071300944308 0.07203081230896319 0.8209052554318199 0.017244024404047407 0.07437400830284971	
http://www.linklion.org/ontology	4.712565130226048E-6 7.720733751285138E-9 4.79537961793104E-9 0.20371372071076016 5.028500691866625E-9 0.0019577132671027495 0.05637736497899557 0.7379464615956463 4.307411563131964E-9 5.030339363136267E-9	
http://archivi.ibc.regione.emilia-romagna.it/ontology/eac-cpf/	0.0011561628220808089 8.886850602986063E-9 1.8512656957723613E-4 3.984820056650611E-9 0.005208238691391157 0.005395396651049349 0.11941319979503945 0.8685708519826097 1.0662274342832133E-5 6.0348342238781327E-5	
http://purl.org/vocab/frbr/extended	1.6866921353447782E-6 5.898085036470332E-6 3.66332497400341E-6 2.644672291583327E-6 0.9999730124606322 1.9954105527491207E-6 3.3675219573815137E-6 5.984626155834906E-7 3.290552492138341E-6 3.842817312686525E-6	
http://vocab.deri.ie/odapp	4.906090952954494E-5 1.7155793301466024E-4 1.0655534069361504E-4 7.69257325114293E-5 1.1173538845525292E-4 5.8040619595770354E-5 0.9992012278293232 1.7407515944784276E-5 9.57124864319227E-5 1.117762444998563E-4	
http://purl.org/openorg/	7.805288816611711E-5 8.609904307739738E-6 5.347647122632525E-6 4.779545115232505E-4 6.081554065349911E-4 2.912859649800067E-6 3.36936877985049E-4 0.0037396740727288964 0.9942373097297966 5.05046102184913E-4	
http://purl.org/acco/ns	0.011718596162588838 2.3972794693513137E-5 8.227485954612384E-7 0.004956695068369087 7.228638339175002E-4 0.008044169104242641 0.002944467548591828 0.9709189716162376 6.085783438523928E-4 6.086277891109399E-5	
http://www.w3.org/2000/10/swap/pim/doc	1.1424300758174317E-6 0.053894974540288736 2.4812427473251533E-6 1.7912890581944898E-6 0.003572599319102835 0.8751292507647151 2.280889490423709E-6 0.05212023391616859 2.228756543236278E-6 0.015273016851809729	
http://purl.oclc.org/NET/ssnx/cf/cf-property	0.08022376082588459 2.8999119738594214E-4 0.0017938653208994836 0.11505308646551012 0.0010922706284519836 0.07286725791562598 0.0048372156351405085 0.7215863336564273 0.0021887252144349024 6.749314023931595E-5	
http://purl.org/dqm-vocabulary/v1/dqm	0.005675466722868061 3.451451696083073E-4 4.730721724992846E-9 0.02881857023937429 2.754089469667746E-4 0.002254120311576212 0.009059759704613844 0.8559080088981033 0.0974741163780909 1.8939889807667495E-4	
http://dati.cdec.it/lod/shoah/	0.10133216838698857 7.828445642120128E-6 0.0021769379137469565 2.795270920223252E-4 0.004940706423301606 4.5986118125913763E-4 0.02824375040406384 0.8585969470014809 4.970926758840733E-6 0.003957302224735556	
http://rdfs.org/sioc/ns#	8.723777311093768E-7 3.050561471287342E-6 1.8947163279943532E-6 2.291769537612933E-4 1.986825470622753E-6 1.032050659489888E-6 1.7417234023214233E-6 0.990501587363966 0.007434598039146461 0.00182405938806344	
http://sensormeasurement.appspot.com/ont/home/homeActivity#	0.05231029744768941 0.04070090870891452 6.327636578571963E-7 4.568124654327434E-7 6.635246309646225E-7 3.446659221457342E-7 5.816698018299176E-7 0.009547182348889457 5.683749178880876E-7 0.8974383636831099	
http://purl.org/NET/c4dm/event.owl	0.012508560302875272 4.510906781864271E-6 2.1023238930527887E-6 5.093204627668261E-4 5.867054508388095E-6 8.71205574671952E-5 0.9557669148952874 0.031113898594846073 4.7660138053500194E-7 1.2283001938553905E-6	
http://open-multinet.info/ontology/omn-federation	3.254850285833312E-4 5.451804596958421E-5 3.3861383499781356E-5 2.4445623397337512E-5 7.724239401798022E-4 5.360182348941574E-4 6.752197471793849E-5 0.9981197895571685 3.0415718139439607E-5 3.552049345004588E-5	
http://vocab.deri.ie/pdo	0.022700932423639058 1.9919879266336143E-9 6.632085720740077E-4 0.009105132328949644 0.004934098713693889 5.368204716095355E-4 0.04997523763428553 0.9071540661779713 3.764246897952241E-5 0.0048928592168095	
http://def.seegrid.csiro.au/isotc211/iso19150/-2/2012/basic	1.196773960218634E-8 4.184921740540396E-8 2.599272175896945E-8 7.581240799269608E-4 2.7256323745411172E-8 0.9992416900998152 2.3893883801354606E-8 4.246326045435981E-9 2.3347755377532008E-8 2.726629002014348E-8	
http://www.essepuntato.it/2013/10/vagueness	8.64352362833248E-4 0.0016646289591832322 6.581031225381182E-8 2.909559844354236E-4 0.04853472213450667 3.584683108456559E-8 0.0038279965044695653 0.9374083906569365 0.007404367508485979 4.4842320058979855E-6	
http://id.loc.gov/vocabulary/relators	0.39179212606599945 1.851966037864167E-8 1.1502637543479702E-8 8.304124533653388E-9 0.6082077944907416 6.265478629820914E-9 1.0573832452854289E-8 1.879139470080033E-9 1.0332152594558747E-8 1.2066233546661224E-8	
http://purl.org/ontology/service	5.657100459101131E-6 1.9781950047934175E-5 1.2286650870068332E-5 8.870129006577632E-6 1.2883950244489435E-5 6.692530140804182E-6 1.129453894515373E-5 2.0072205629156997E-6 0.9999076372684621 1.2888661260874968E-5	
http://lod.taxonconcept.org/ontology/sci_people.owl	0.004130354316560384 7.370028375636528E-5 0.010825400840494265 8.164419076204097E-4 0.006230751925702047 4.5343106302459153E-4 0.00881535300608074 0.959235186539229 0.009109650808115719 3.0972930941656514E-4	
http://purl.org/vocab/vann/	3.6603062592463416E-8 1.2799489085271958E-7 7.949815530062456E-8 5.739227888531689E-8 0.021926667034741203 0.006633135358520271 0.2030543127793742 0.7683854285370564 7.14085850699162E-8 8.339333520335335E-8	
http://data.ordnancesurvey.co.uk/ontology/admingeo/	0.0010538453633283347 8.067275709786158E-4 1.854572511527697E-8 0.17632727274784585 0.0010124494576412117 0.004384771903981104 0.6875224752126115 0.1263094301290843 0.0025115683335309364 7.144073527299087E-5	
http://purl.org/muto/core	0.1655247012471293 0.001031004552478522 4.8871044521540316E-8 2.1582843854947918E-5 5.124684608282123E-8 0.18509704470297636 0.08713426046477042 0.5611363724870182 5.488231829719497E-5 5.126558449200642E-8	
http://purl.org/dsnotify/vocab/eventset/	1.181522801805281E-6 4.13159094748002E-6 2.566148200082178E-6 1.8525850392784306E-6 0.9565529259376261 0.04089831348762876 0.0019510208002381617 5.830110232810325E-4 2.3050221901959143E-6 2.69188204709517E-6	
http://www.w3.org/2000/10/swap/pim/contact	0.03409043455470982 3.0369942623630296E-7 1.886289678501741E-7 0.0018630062568158372 1.9779891706465688E-7 2.0609523335083025E-5 0.02806915847626703 0.9355357136371192 1.6943446859167333E-7 4.2021798997315057E-4	
http://swrc.ontoware.org/ontology-07	0.0035297060794214595 1.0581356123935837E-4 1.9260118922901425E-6 0.004224997157516539 0.0026681477273938713 0.0019740853845909016 0.004226635056845164 0.981915517882378 9.030737648149654E-4 4.5009737390750104E-4	
http://www.w3.org/ns/auth/acl	2.699613537766363E-7 9.440104615237194E-7 5.863287962171995E-7 4.2328964318402596E-7 0.9842141479503961 0.015698515390711088 5.389844224900186E-7 8.343236182893739E-5 5.266651731136269E-7 6.150572130563067E-7	
http://linkedscience.org/teach/ns#	6.069447572822317E-5 0.10482370607575606 1.2786491162620068E-6 6.362568022165836E-4 0.6237589281887375 6.964792798778793E-7 3.3755553029883335E-4 0.2644923789909114 0.0053176637434648455 5.708410644902985E-4	
http://purl.org/net/opmv/ns#	0.01100295056451259 2.079914518467676E-9 1.2918434970301299E-9 0.05108426277419534 1.3546447697924099E-9 7.036662498596689E-10 1.1875308285836595E-9 0.8617609136291756 0.07615186505937653 1.355140095650238E-9	
http://purl.org/vvo/ns#	0.008887157656465026 2.8565052336565185E-5 9.251931489140864E-7 0.0017693683916468529 8.623883943832533E-4 0.009557204441918765 0.001842120931389533 0.9762535416348058 7.261692898702899E-4 7.255901403502852E-5	
http://purl.org/ontology/daia	8.274107071095855E-10 2.8933191827688396E-9 1.7970524932179049E-9 1.2973500765181373E-9 0.08785853573569681 4.4058184195219165E-6 0.5963490748620258 0.31578797326943425 1.6141880947022126E-9 1.885102872868363E-9	
http://www.w3.org/ns/ldp#	2.540797562936686E-6 8.88475126706741E-6 5.518355704131125E-6 0.9999575437936368 5.786623309743679E-6 3.005844494820486E-6 5.072764260385759E-6 9.015114989389728E-7 4.956819076547917E-6 5.788739188547291E-6	
http://guava.iis.sinica.edu.tw/r4r	0.008815406938410672 3.678535726387409E-9 2.2847537312387057E-9 0.3099840298708533 2.3958240293050145E-9 8.935202001048273E-4 0.06712171161357858 0.6131853185689773 2.0522618488945722E-9 2.396700062357357E-9	
http://reegle.info/schema	0.14885677218167545 2.5664054875437805E-6 1.1613142018729034E-5 0.01209374875142978 2.0033882428796245E-4 0.0011768558080301728 4.774469416685943E-7 0.8233907276628213 8.056335341439296E-8 0.014266819213953915	
http://purl.org/net/p-plan#	5.525888655869976E-7 3.0556234895506E-4 1.200167208491353E-6 3.2290459820669744E-4 1.2585117590457236E-6 0.08885457317052085 0.46692193549883476 0.015300988949124312 0.42828976519459144 1.2589719338683319E-6	
http://purl.org/essglobal/vocab/	0.03123371808815712 1.8839077901947881E-6 0.004252051690391985 1.783462621385631E-5 1.2269859227862338E-6 6.373542364541095E-7 1.0756204445908798E-6 0.9643242038678758 1.0510356218421196E-6 1.6631682334544208E-4	
http://linkedgeodata.org/ontology	0.877289395414539 7.067358314988594E-4 0.0011627471980370885 0.001066946062935263 7.61509119237794E-4 9.970179512827527E-6 1.3028022070068557E-4 0.11406830966647362 4.946798240977786E-8 0.004804056839083789	
http://purl.org/vocab/frbr/core	0.001039326404212675 6.973895099311512E-4 1.6589393016587127E-4 0.005334559499835912 0.02070186584724401 0.006058836263045888 0.13487609926942015 0.8115698826843069 0.01950225438955151 5.3892202285801206E-5	
http://purl.org/ontology/ecpo	1.185127205752498E-8 4.14419495537274E-8 2.5739766014362505E-8 1.8582366143626587E-8 2.699107088993099E-8 1.4020432556444092E-8 0.9999998070466609 4.2050016863854905E-9 2.312053989385968E-8 2.7000940174957132E-8	
http://www.w3.org/ns/rdfa#	2.516859311438543E-7 8.801043138001167E-7 5.466364239471099E-7 3.946344411817865E-7 5.732104348400868E-7 2.9775247803611586E-7 0.06387381756983433 0.025721621224520534 0.9104010437615929 5.734200292346353E-7	
http://www.eclap.eu/schema/eclap/	0.10391229655918771 1.6152786387052824E-6 6.58344520238727E-4 0.0050699315449856995 0.0632197058331253 0.005626103645644291 0.04577482672072455 0.7723929097337865 0.0030365250465558607 3.0774111711261945E-4	
http://ns.inria.fr/ast/sql#	2.9476425224581187E-5 0.7686598325976036 1.5899083077974684E-7 0.04658125987891744 1.0095601545899721E-4 0.007641371802702246 2.450995834319209E-4 0.17671254990637883 2.9128018529721075E-5 1.6678092208978446E-7	
http://rdfs.org/scot/ns#	2.593162223690393E-7 9.067861874841812E-7 5.632086458828134E-7 4.065984619755594E-7 5.905882935518034E-7 3.067793557408435E-7 5.177311581846351E-7 9.200912333090509E-8 5.058976821480941E-7 0.9999958510848693	
http://purl.org/spar/scoro/	0.006718050085054699 7.10301320709885E-4 6.815035632161963E-5 0.007789288334951637 0.02146888284087511 0.0031529656512347534 0.058816131065434304 0.900238433989094 8.964611854722268E-4 1.4133517085192625E-4	
http://purl.oclc.org/NET/ssnx/cf/cf-feature	0.08046257502479097 5.185172923246682E-4 0.0036517038506927164 0.0795818848785354 4.404379347343139E-4 0.053125874825268954 0.006335859339667173 0.7725402757847527 0.0033252357914536437 1.7635277779227805E-5	
http://www.bbc.co.uk/ontologies/cms	0.09080545611760209 3.1975090771944425E-8 1.985986092885984E-8 0.09877656037262361 0.08020628297385522 3.69345938753648E-5 2.8778474643617068E-5 0.7301458969605498 1.7838961963989764E-8 2.083293673003476E-8	
http://www.w3.org/ns/dcat	1.4162505717191044E-7 0.22510465931728688 3.075953210491897E-7 0.10585616896560668 0.0012383471923930226 0.00301568188941383 6.726651674741946E-5 0.6647123149500456 4.789281525317591E-6 3.2266660299520995E-7	
http://www.opmw.org/ontology/	0.00613642723829972 3.0126688427856916E-4 7.547492549728286E-5 0.0180664593775085 0.0035757327731769355 0.006440295962962423 0.008349711040753344 0.952760739248186 0.004168730926994396 1.251616223427558E-4	
http://purl.org/ontology/ao/core#	0.006584378886744021 1.749637466645685E-6 1.008566890874864E-4 0.019580643535622697 0.002047508653469909 0.014021461046522169 0.0385379437509159 0.9110701280908231 0.00783989885880468 2.154308505433485E-4	
http://sw-portal.deri.org/ontologies/swportal	0.0010254998670011788 0.005574619443366846 3.088682507493338E-5 3.304492180036416E-5 3.5833606742301135E-4 0.005937732633831029 0.002642300726935288 0.06946859328254233 0.006056802676850488 0.9088721835551736	
http://purl.org/lobid/lv	2.20551623977959E-6 7.712327613881517E-6 4.790158531274069E-6 3.458169731010117E-6 5.023025788947845E-6 0.09657247110963822 4.403366927006568E-6 0.9033906087413078 4.302721763610304E-6 5.024862458319243E-6	
http://purl.org/swan/2.0/discourse-relationships/	5.081498913998922E-6 1.7769166097031015E-5 0.9999181580908078 7.967606592780288E-6 1.1573027498576867E-5 6.011575167927125E-6 1.0145336431419238E-5 1.8029888605218584E-6 9.9134504542167E-6 1.1577259176062528E-5	
http://ns.inria.fr/nicetag/2010/09/09/voc	0.07016967365986441 6.094501672719171E-4 3.957934357078266E-6 1.3181143412744793E-4 4.150344130944454E-6 1.5195529637703053E-4 4.489691427196501E-4 0.9271011429407693 3.3174254856524536E-4 0.0010471465318168743	
http://rdvocab.info/ElementsGr3	2.923527612602449E-10 1.0223095314352454E-9 6.349606718979521E-10 0.019973892620567174 6.658284499537748E-10 3.458626341580653E-10 0.18704082157023508 0.6890238920903997 0.1039613900914122 6.660719101253962E-10	
https://raw.githubusercontent.com/airs-linked-data/lov/latest/src/airs_vocabulary.ttl#	0.022573730919578722 1.059818144860462E-4 5.646583426811122E-4 0.05998460547460432 2.946021812810921E-4 8.619914969948392E-4 0.005473095181613256 0.9095334379816147 1.4605612975719037E-8 6.078820015333203E-4	
http://purl.org/linked-data/sdmx/2009/code	0.05729288384542932 2.838554972579273E-9 1.763038216104486E-9 0.5312419739878657 1.8487460004873796E-9 0.01735164558138754 0.03342097344548725 0.3606899240656417 1.5836350410915938E-9 2.5910402142376074E-6	
http://purl.org/spar/fabio/	0.005654938931092915 9.126628522434697E-4 7.119928222353339E-6 0.026971187232355556 0.0054823222662201245 0.009656531401690618 0.002354807097291286 0.9475980300299403 4.6943792765102545E-4 8.929623332928696E-4	
http://rdf.myexperiment.org/ontologies/base/	0.03113541552034521 2.8036948754419164E-4 0.00527419582452376 0.0026446765566973123 0.015784698070694887 0.004954016387268175 0.0029960984363405956 0.9244049146281079 0.009714432127006484 0.0028111829614715094	
http://dati.camera.it/ocd/	0.014857346174914235 0.002826154486776643 0.0029565226260528667 0.028362150108476293 0.003521460295207993 0.018768087744987106 0.2661754528747214 0.6535790586044312 0.008809930495162198 1.4383658926999423E-4	
http://www.wsmo.org/ns/wsmo-lite#	0.012696591705449806 1.8639920426139384E-6 1.1577331555629254E-6 1.6794188140528528E-4 1.2140148304373137E-6 0.022510439213241563 1.0642495137105218E-6 0.9636722043869091 1.0399245896291656E-6 9.464828988623204E-4	
http://data.press.net/ontology/stuff/	0.13653674228837634 4.376970716468087E-9 9.789515071271127E-6 1.9626121195841797E-9 2.7369700737975016E-5 1.480794783850898E-9 0.020409154845425263 0.8430090292965072 2.200169933264731E-6 5.706363571136126E-6	
http://purl.org/ontology/po/	0.0354643343503061 3.2518641181206087E-5 5.259430248310947E-5 0.006892408463926752 0.08787595343930059 0.003253302600779467 0.022157239001732783 0.8376053460697013 0.006554136502614433 1.1216662797439454E-4	
http://salt.semanticauthoring.org/ontologies/sao	5.212203387060527E-7 0.930721557829127 1.1320379361050955E-6 8.17254648136367E-7 1.1870704716761798E-6 0.041834080355735846 1.0406291097501776E-6 9.222153370968464E-4 0.026516260761011937 1.18750452399218E-6	
http://www.ontologydesignpatterns.org/ont/dul/ontopic.owl	0.005191704456648066 1.9259804064609049E-4 2.6292051191398265E-4 0.0021086964331696956 0.02175747826623201 7.022869234841907E-4 0.010729179842849115 0.8094356280538393 0.14960715549332831 1.2351977889359353E-5	
http://mex.aksw.org/mex-perf	0.003581031359391712 1.2573281217054265E-5 1.0508439876688061E-4 0.022550713635027513 0.0020732794772688723 0.055402373705505555 0.031069914029652056 0.8836499367342502 0.0013815165199935 1.7357685892656103E-4	
http://www.ontologydesignpatterns.org/ont/dul/IOLite.owl	0.0023604340039345595 4.204030615320952E-4 3.8899792794775203E-4 0.0031428892017637444 0.0028771764672110636 0.0010437009537759537 0.013290118255390875 0.8555688435612433 0.12088967765044607 1.7758916754726242E-5	
http://www.aktors.org/ontology/support	0.017202492828564956 9.161437018283289E-7 5.690206366865313E-7 8.821339169125567E-5 5.966828266453539E-7 3.0994514306916384E-7 0.9827057010095704 9.295860481093306E-8 5.11118256615054E-7 5.969010037199273E-7	
http://securitytoolbox.appspot.com/securityAlgorithms#	3.3523851575686183E-7 1.1722739627465534E-6 7.281041995069914E-7 0.9825922003447563 7.635000276686229E-7 3.96597848541255E-7 6.693118673612932E-7 0.017402316835820376 6.540138003661292E-7 7.637792014524743E-7	
http://contextus.net/ontology/ontomedia/ext/common/trait#	0.12697708138184857 6.246061450808641E-7 3.8794545620183965E-7 0.0022523539815977444 4.0680491438530295E-7 2.1131361882706452E-7 3.566199699172163E-7 0.8647148050394442 0.0022107905461258436 0.003842981760879074	
http://purl.org/spar/biro	0.003319594189848569 3.4850330359041394E-4 1.335793394671428E-4 0.0150569403686147 0.0031012343987909677 0.06753621129718212 0.08017368349029864 0.8258303532544897 0.0044352406508915265 6.465970682615788E-5	
http://ontologi.es/doap-bugs#	2.42401526502831E-7 5.5734109917191165E-5 5.264716347259509E-7 2.0673236746686282E-4 6.654738561578252E-5 0.14392232063252153 4.839605556317018E-7 0.8503887382001427 2.828380761941421E-6 0.00535584608985705	
http://kmi.open.ac.uk/projects/smartproducts/ontologies/food.owl	0.054904358204043345 4.363686124164357E-4 5.20946395292152E-4 0.035585045437313514 4.12678050280078E-4 0.017627368004490326 0.016078941015185023 0.8698438497733243 0.004488845375385101 1.015991322682568E-4	
http://www.w3.org/1999/02/22-rdf-syntax-ns#	4.193844416888314E-8 0.5427190507627051 9.108606524883856E-8 0.05061367816626321 0.0018409813922215118 0.155846142528163 8.37311259344101E-8 0.24897356000788906 6.274838103389221E-6 9.554901925618938E-8	
