http://lod.geodan.nl/vocab/bag	1.8004445172357784E-6 1.2047070768469863E-6 1.4867736646582095E-6 5.794824358969699E-7 0.00246201240263803 1.5498612261608727E-6 2.1507188668227473E-6 7.234614399647252E-7 1.5992638778209662E-6 0.9975268928842566	
http://www.w3.org/ns/auth/cert#	3.259278068957331E-5 2.1808366308967922E-5 2.691451334564639E-5 1.0490156050821705E-5 0.9997935028350126 2.8056564120670082E-5 3.893366759165826E-5 1.309655466991839E-5 2.8950882038065784E-5 5.6536801720304985E-6	
http://purl.org/dc/dcam/	3.4301588486440525E-6 2.295175774711001E-6 2.4492470075207327E-4 1.1905080245257525E-4 2.6044199498637274E-6 2.9527542494050896E-6 0.9995307272276757 1.3783194295582907E-6 3.046874863018065E-6 8.958956600444665E-5	
http://purl.org/rss/1.0	1.1243349189418018E-6 7.52311010213703E-7 0.07019131717704898 0.0011594034964281634 8.536748361895787E-7 9.678515940952087E-7 1.3430729465122913E-6 0.9286430443469964 9.987023788975307E-7 1.9503184151379626E-7	
http://data.lirmm.fr/ontologies/oan	5.6501667547004244E-8 3.780619624537857E-8 4.6658028344651495E-8 1.818535568796485E-8 4.290007450184298E-8 4.8637846324184304E-8 6.749400008552162E-8 2.27037142064905E-8 5.0188203568363417E-8 0.9999996089249134	
http://data.lirmm.fr/ontologies/vdpp	3.1034366349048975E-6 2.0765605609198115E-6 2.5627603708644876E-6 9.988572286624242E-7 2.356349265947073E-6 2.671504765762462E-6 0.9788816830005486 0.01749506940950619 4.5735807374037047E-4 0.0031521200473777736	
http://purl.org/ctic/sector-publico/elecciones	8.202440921399999E-5 5.488388301240749E-5 6.773423469097276E-5 2.6399982892732505E-5 6.227875068152439E-5 7.060836933465098E-5 0.9995160236651013 3.2959358999478244E-5 7.285904869590427E-5 1.422829737703422E-5	
http://www.w3.org/2003/g/data-view	1.979448205571663E-6 1.3244813926093155E-6 1.6345915880358652E-6 0.006499013280330045 1.5029375092499578E-6 1.7039514373480033E-6 2.3645475108322363E-6 7.953893804720509E-7 1.7582657965203654E-6 0.9934879231068494	
http://www.w3.org/2004/03/trix/swp-1	1.584788960519166E-6 1.0604083923550294E-6 1.3086893086594313E-6 5.100725728745182E-7 1.203284211380329E-6 1.3642203011773207E-6 0.9670249396445949 6.368059067866574E-7 0.03296711718162408 2.7490412702977426E-7	
http://www.w3.org/ns/regorg	2.2213950674666025E-4 0.00263967033742105 0.0011569098043979415 1.3751373644486662E-4 0.8759569005963735 1.1889906288487648E-6 0.0047574436370334955 0.039798266806346606 1.2268903381083048E-6 0.07532873969426883	
http://www.w3.org/ns/radion#	7.51450539156256E-6 5.028079309058062E-6 6.205339077185379E-6 0.9275483465974478 5.705545608443321E-6 6.468647286082669E-6 8.97644352034115E-6 0.07240377650593662 6.674838861942623E-6 1.3034975609946862E-6	
http://semweb.mmlab.be/ns/oh	0.009876058882188711 6.665548418854461E-7 8.226200410139785E-7 3.206230218599086E-7 0.013682633734840719 8.575258869167059E-7 0.8880690782981622 0.088368504100935 8.848599810702821E-7 1.7280010064710864E-7	
http://vocab.deri.ie/c4n	0.9998491615677771 1.655938070539711E-5 2.0436545620924227E-5 7.96531410209986E-6 1.879053532270537E-5 2.13037198650002E-5 2.956284825620034E-5 9.944387013485027E-6 2.1982787276836707E-5 4.292914060082966E-6	
http://www.w3.org/ns/hydra/core	4.5945352497102293E-7 3.074279200031581E-7 0.004962848533395903 0.005195232735761243 2.0896089168071403E-4 3.955074409450813E-7 0.0037503581442470124 0.9853060673572941 4.081144511755296E-7 5.749618342842654E-4	
http://labs.mondeca.com/vocab/endpointStatus	0.9994028719350629 6.555405549807294E-5 8.090269012212066E-5 3.1532498225519566E-5 7.438658590545328E-5 8.43355955872464E-5 1.1703122415903122E-4 3.9367106160186576E-5 8.702383759305731E-5 1.699447168645717E-5	
http://purl.org/ctic/dcat#	3.0047971735749124E-6 2.010559272913975E-6 0.01055940057011956 0.0023372828395754673 2.281455188947351E-6 2.586593803485518E-6 0.9858700395359394 0.00122020338137281 2.6690428579575006E-6 5.212246958311359E-7	
http://purl.org/cld/cdtype/	4.3121963231265114E-6 2.885361574595946E-6 3.5609316858614813E-6 1.688554693236688E-4 3.274125376473232E-6 3.7120310105796194E-6 0.9997373965131336 7.142500597184138E-5 3.830353975159736E-6 7.480116250947088E-7	
http://vocab.deri.ie/csp	1.2034650518689982E-6 8.052582852986326E-7 9.93799102569644E-7 3.8734148878112497E-7 9.137560469802762E-7 1.0359685083743047E-6 0.9226525559074624 0.07734082675541191 1.0689905560816454E-6 2.0875808561065997E-7	
http://purl.org/ctic/empleo/oferta	3.274758308934885E-5 2.1911947143999045E-5 2.704234629412598E-5 5.896145344769474E-4 2.4864288352545198E-5 2.81898213440013E-5 3.911858661506579E-5 1.3158757956928617E-5 2.9088386906330823E-5 0.9991942637478206	
http://data.press.net/ontology/classification/	8.39550031406822E-7 5.617567520246212E-7 0.9999947367253391 2.702135459324972E-7 6.374459455628386E-7 7.227026596172408E-7 1.0028834962159646E-6 3.3735117568439326E-7 7.457391916268414E-7 1.4563186281036737E-7	
http://purl.org/ctic/infraestructuras/organizacion	1.1593132883483958E-5 7.757156132199582E-6 0.9990092997510485 3.731310139627471E-6 8.802328957768914E-6 9.979617241095692E-6 1.3848563162819728E-5 4.6583965955610515E-6 1.0297722853353739E-5 9.200320209856286E-4	
http://purl.org/ontology/dso	3.281902723199927E-5 0.9997891106289318 2.7101343541066874E-5 1.0562974677701443E-5 2.4918533814236637E-5 2.825132199313E-5 3.920393013109824E-5 1.3187465913116167E-5 2.9151847921390666E-5 5.692925844349378E-6	
http://zbw.eu/namespaces/zbw-extensions	1.0075772405989483E-5 6.741865248272759E-6 8.32038583855638E-6 0.999781491580727 7.650241234401952E-6 8.673440823180745E-6 1.2036002000574715E-5 4.04868505739097E-6 1.5921424100585625E-4 1.7477856587995388E-6	
http://purl.org/prog/	0.9230466067373552 1.650033887097745E-6 2.036367990425723E-6 7.936914081309017E-7 0.003141000700902789 2.1227762271949494E-6 0.005896530033207689 0.0679066414573879 2.1904408495071115E-6 4.27760784026578E-7	
http://www.w3.org/2003/06/sw-vocab-status/ns	1.4397652004548731E-6 9.633706061928392E-7 1.188931379354096E-6 4.633959211140858E-7 1.093171884056187E-6 1.2393807404777278E-6 1.7198698159092576E-6 5.785319098482269E-7 1.2788866613708638E-6 0.9999900346958812	
http://www.w3.org/2004/03/trix/rdfg-1/	4.635861779372155E-6 3.10193146160845E-6 3.82820861214212E-6 1.4920762348826319E-6 0.9999706287007595 3.990649171861787E-6 5.537763200937605E-6 1.8627995510415414E-6 4.117853238656517E-6 8.041559900010331E-7	
http://www.w3.org/2004/09/fresnel	2.6189185644174183E-5 1.752361540739689E-5 2.162654341294759E-5 0.9998226183501845 1.9884687727897666E-5 2.2544212268730018E-5 3.1284260710308086E-5 1.0523437837855111E-5 2.326282103631762E-5 4.542885769960113E-6	
http://inference-web.org/2.0/ds.owl	2.447228101951539E-5 1.6374806248438007E-5 0.003431196480058503 7.876530979647426E-6 1.8581091931381633E-5 2.1066263972461312E-5 2.9233334323274444E-5 0.014068244179174018 2.1737762351312332E-5 0.9823612172699415	
http://purl.org/ontology/olo/core#	3.383445998123016E-8 2.2639194371434384E-8 2.7939869058146316E-8 1.088979699151386E-8 2.5689522397137787E-8 8.477447892140932E-5 4.0416914119693196E-8 0.9720515263847167 3.0053816796663E-8 0.027863507672788144	
http://ontologi.es/doap-deps#	2.166855164133832E-5 1.4498784748681126E-5 1.7893487759950413E-5 1.9108833007065672E-4 1.6452301677417182E-5 4.1259249400936476E-4 7.092143803745664E-4 0.9985935856319572 1.9247320088427078E-5 3.7587176724213767E-6	
http://data.press.net/ontology/identifier/	7.677165849317494E-7 5.136918100092509E-7 6.339661064092579E-7 2.470935774226325E-7 5.829048967886392E-7 6.60866889413033E-7 9.170749377606146E-7 0.5007577592313803 6.819323733287993E-7 0.4992372355214437	
http://purl.org/vocab/changeset/schema	0.001231231456791724 4.563501491659247E-7 7.980327399487411E-4 5.674623862787741E-4 5.178372156532005E-7 5.870965775316273E-7 8.147049972158416E-7 0.997400173311576 6.05810593484187E-7 1.183058718516477E-7	
http://data.press.net/ontology/tag/	3.060879521886493E-6 2.0480848957534323E-6 0.9999808108522127 9.85160000405421E-7 2.3240368865371352E-6 2.634870690825326E-6 3.656370009612786E-6 1.2299342108371952E-6 2.7188585967817026E-6 5.309529747303806E-7	
http://www.w3.org/ns/adms	4.843164730402994E-7 3.240641280082356E-7 0.9977623973183309 4.181653119145742E-4 3.67727426073114E-7 4.1690999948644863E-7 5.785396695700648E-7 0.0013112304397722506 4.3019922766415957E-7 5.056051730582659E-4	
http://vocab.deri.ie/ppo	1.684261906220461E-5 1.1269673784798282E-5 1.3908322209229668E-5 0.16351626553386037 1.2788111288461408E-5 1.4498487446636768E-5 0.8363897772616616 6.767765028509448E-6 1.4960634452339128E-5 2.9215912058559533E-6	
http://open-multinet.info/ontology/omn-lifecycle	2.4356396810369186E-4 1.629726621567566E-4 2.0113060412002627E-4 7.839233043968109E-5 1.8493104418414454E-4 2.0966508361688164E-4 2.9094904978414527E-4 0.9983697973623533 2.1634826977340402E-4 4.2249625467809044E-5	
http://purl.org/reco#	1.6747479537111602E-5 1.1206014361766809E-5 1.382975775527274E-5 5.390263429055827E-6 1.2715874611355117E-5 1.441658930448052E-5 2.000568185655282E-5 0.9998879071254755 1.4876125763302773E-5 2.9050879055785756E-6	
http://rdf.insee.fr/def/demo	0.9945390836314341 3.732344717874657E-6 3.8524926301394813E-4 7.13917548551994E-4 4.2352281468399695E-6 4.801678741723698E-6 6.66321660799774E-6 0.004336394767363247 4.9547348078133404E-6 9.675866145899E-7	
http://www.holygoat.co.uk/owl/redwood/0.1/tags/	7.987503638300486E-6 5.34457022545478E-6 0.9999499250504074 2.5708196063517637E-6 6.06467943413824E-6 6.8758143138046246E-6 9.541463016079445E-6 3.2095689861969814E-6 7.094984555430578E-6 1.3855458168479493E-6	
http://purl.org/wai#	2.9968235091106316E-5 2.005223962707765E-5 0.9998121242969618 9.64543239398982E-6 2.2754010171959455E-5 2.5797299022292994E-5 3.5798519753764426E-5 1.2041949809983482E-5 2.6619601661947085E-5 5.198415506153442E-6	
http://purl.org/net/ns/ontology-annot	1.3763658816345302E-6 9.209490778874806E-7 0.027759783027477242 4.4299052047412273E-7 1.0450346233550553E-6 1.1848052481123651E-6 1.64413623466013E-6 0.9538606544332742 1.2225715461328242E-6 0.018371725686116332	
http://www.w3.org/ns/locn	0.9919415677316741 0.001193812777339813 4.953793911614612E-6 0.005848787068301632 9.89768928698653E-4 5.163995898305269E-6 7.165998619238707E-6 2.4105073702721816E-6 5.328601016642262E-6 1.040597169814749E-6	
http://rdaregistry.info/Elements/m	0.00153394771419611 6.2483381574763E-4 0.09884187519093354 0.10062095646607876 0.052184387696312506 9.372085274773226E-6 4.2095866736700647E-4 1.408641617034233E-4 1.2049172860663593E-5 0.7456107550295259	
http://purl.org/ctic/infraestructuras/localizacion	2.198225201601503E-4 4.83052551841261E-7 0.9877038537966746 0.003706178563653638 3.557060375945714E-5 6.214493420726584E-7 8.623758064333411E-7 0.008295970948312968 6.412583706828262E-7 3.599543136816698E-5	
http://ns.nature.com/terms/	0.002561459636721379 0.005274409433069652 0.005472889331107202 0.16810070484347264 0.0022718695398628317 9.493748937890929E-4 0.023638153469007158 0.0032926872089269676 0.010390339400725547 0.778048112243318	
http://purl.org/uco/ns#	0.0026844218164990183 5.415771032603614E-4 9.023255411647142E-4 0.04443981154695336 0.02865617183759938 6.317805174595176E-4 0.002704519906291505 0.003006777523814837 3.1609933680805837E-6 0.916429453213589	
http://contextus.net/ontology/ontomedia/ext/common/being#	6.419346677461256E-4 0.002386034185264149 0.005362829668557934 0.02697685917546429 0.02632896053630638 1.2139510981575459E-4 0.006681069277794675 5.339343417612531E-4 3.1412811070525354E-8 0.9309669516244785	
http://salt.semanticauthoring.org/ontologies/sro	1.501110228623371E-5 1.004417574792255E-5 1.2395889650033708E-5 0.999898328488512 1.1397493815531746E-5 1.2921878554240258E-5 1.7931494466919505E-5 6.031818015769629E-6 1.3333770312182011E-5 2.6038886391534906E-6	
http://def.seegrid.csiro.au/isotc211/iso19103/2005/basic	0.009334474855745867 0.08669596202506277 2.4756836004599742E-9 0.840577640184638 0.002090550368107876 2.580733108073534E-9 0.00827207402565417 2.8188602042423686E-4 3.9044494185312597E-4 0.05235696252209728	
http://www.w3.org/TR/2003/PR-owl-guide-20031215/food	8.664329734600295E-4 0.9886419771835393 1.4605150655401873E-7 1.9873617765087036E-4 0.006605956996345147 0.00230163889728029 1.7190219943504244E-4 1.8813275964525944E-4 1.5710185368858482E-7 0.0010249196592843595	
http://www.w3.org/2006/time-entry	0.027877334079352917 0.002269822019962038 4.019642201618092E-8 0.07939569454133572 1.716864436817073E-4 4.1902057720130394E-8 0.7960448212984264 1.955950797658317E-8 2.5655589391324844E-4 0.09398398406534013	
http://www.w3.org/2006/time	0.009902554425723834 1.0838781756100111E-4 4.966733219626201E-9 0.004988796534326244 6.382375456067394E-6 5.177484253834575E-9 0.9759228234009771 8.824331600174646E-7 5.342519320684652E-9 0.00907015752605932	
http://www.essepuntato.it/2012/04/tvc	0.007000602100386494 1.9740503492677057E-4 7.501650177560942E-4 0.016169287877176707 2.1530925159224338E-4 9.803359769486894E-9 0.9446626192392613 9.583250319760098E-4 1.0115847081005895E-8 0.03004626652771811	
http://owlrep.eu01.aws.af.cm/fridge	0.007830238398931821 0.03014042434489054 8.868689466296854E-4 0.32328817974143315 4.041495306614549E-4 2.852674201794893E-4 0.017937746645124583 0.002869950730483207 0.001185971871182175 0.615171202370484	
http://securitytoolbox.appspot.com/stac	6.652095656357269E-8 3.061207320848428E-4 8.930661022400911E-7 0.023264609256972282 0.0014357640230431706 5.726266503524326E-8 1.0384950922756466E-5 6.477420889761622E-6 0.9155935942385331 0.0593820325278286	
http://contextus.net/ontology/ontomedia/core/space#	1.9885265031311283E-4 1.5371922122961302E-4 1.4481654515723823E-7 0.01033988387152285 0.976570115906579 1.5096147690871003E-7 2.0948694700572435E-7 1.2759413603393983E-6 1.5577345435025716E-7 0.012735491370570059	
http://spinrdf.org/sp	1.68692502990366E-8 0.002206981308263541 0.004517256631351211 0.37207752852456033 5.8460341580209795E-5 1.4521412186041668E-8 0.0010396116173416595 0.008626617934033135 0.0316696063298278 0.5798039059223797	
http://purl.org/net/cartCoord#	9.817495251358605E-7 1.9267983227967282E-4 0.00809835359967061 0.028900519185857378 4.552130530832978E-4 8.45111031327971E-7 0.0010687854281985218 0.9597691021629424 3.8688295828047967E-4 0.0011266369191309392	
http://www.ontotext.com/proton/protontop	0.0011461145483181285 0.008815453196755028 0.007621285456961941 0.13267700586750816 0.00494162002677371 3.3453201947636544E-5 0.048796603380459526 3.065202148529844E-4 6.482781747022106E-4 0.7950136659317206	
http://www.w3.org/2006/gen/ont	0.011971098076515863 0.0031295158551198302 2.4127007080947847E-10 0.26715886088143265 7.195525905724054E-4 2.5150776925192705E-10 0.11817485753896306 1.174015904353157E-10 2.5952471328822516E-10 0.5988461141876921	
http://commontag.org/ns#	8.3328949806211E-4 9.280386579768351E-7 0.8644209670709793 0.06750356325152287 0.01858019092902017 1.1939260256867866E-6 7.572411205269063E-5 0.030819354859607677 1.2319830533479214E-6 0.01776355633101814	
http://purl.org/spar/doco	1.3878885786142348E-7 7.513769629846946E-4 0.020376285229299396 0.034322105779203096 0.001261542642937747 1.1947242326179602E-7 0.0010141374399446046 0.18433344641028335 6.562581373025447E-5 0.7578752214603357	
http://www.linkedmodel.org/schema/vaem	6.05573081851627E-8 0.0020157492440645666 0.01546962548335613 0.45362331432914554 8.452314595123877E-4 5.212902870284183E-8 0.005450112177186487 0.04280478576142758 5.291702415461506E-4 0.4792618986174243	
http://purl.org/biotop/biotop.owl	1.0696963883072549E-4 0.002221507942256989 1.4010558658728386E-4 0.008847501009311422 0.018684156969915846 0.06301644240855167 6.232490951027068E-4 5.616963444566459E-5 1.591692437545863E-5 0.9062879807906212	
http://purl.org/wf4ever/wfdesc	1.1521509720559819E-6 0.003425437659235834 9.514248878899859E-7 0.9458487883274399 5.057399470684686E-5 9.917962487478758E-7 0.0026113154516149138 0.0015587865866472659 0.0024340482893207963 0.04406795431892572	
http://resource.geosciml.org/ontology/timescale/thors	0.012239084106189957 0.018594838215373246 7.304342776426042E-9 0.9384656781343407 4.507892705940978E-4 7.6142844878635E-9 0.0017820018203019612 6.127810032011945E-5 0.01662685491878025 0.011779460515471745	
http://code-research.eu/ontology/visual-analytics	4.4666755854843223E-7 0.0018899378104842632 0.0010412634338670505 0.7258062542262455 0.0019523293718916443 3.8450100702964317E-7 0.005039832670097447 0.001055860012272618 2.7206183909605065E-4 0.26294162946748	
http://def.seegrid.csiro.au/isotc211/iso19156/2011/sampling	0.0011833865666862596 0.004666384136925451 7.645149190825315E-4 0.8613240696883031 0.0013725541273088783 3.945491948897175E-9 0.001719894000425303 7.31297669072535E-4 0.0027846989967834587 0.12545319594992038	
http://purl.org/linked-data/api/vocab#	4.025532042638422E-9 1.8829779906064418E-5 0.0035187913747572546 0.9138412550176598 3.056469517383313E-9 3.4652642543699296E-9 4.808694536388304E-9 2.5156976291509947E-5 3.575721397228371E-9 0.08259594791970351	
http://reference.data.gov.uk/def/payment#	3.476650457524505E-6 2.3262840758533616E-6 4.0370691460173E-4 0.011193608003808458 1.289424146239675E-4 2.9927752227013264E-6 4.153028688618397E-6 0.25599802230638735 3.7779346578110854E-5 0.7322249922755557	
http://data.archiveshub.ac.uk/def/	5.8863945162286546E-5 4.3287252882703566E-7 0.026562309166144514 0.005698565689664454 0.003837619231261563 5.8925490723812255E-5 0.006645749304296224 2.8639747763995586E-6 0.0036779686010781644 0.9534567017243637	
http://purl.org/dc/elements/1.1/	2.862069242926323E-8 1.9150576640223726E-8 2.3634436585383916E-8 9.21171877677778E-9 2.1730860181927963E-8 2.513251525842573E-4 3.418881426218724E-8 0.9317455039739861 2.5422632645530493E-8 0.06800300891369808	
http://purl.org/spar/deo	1.6793266812539187E-6 0.002974730944277763 0.01006968224896596 0.07225852945769036 0.0031872097493890234 1.4456003972445802E-6 0.0018041008550658344 1.27639118509418E-5 3.212312561344852E-4 0.9093686266495471	
http://simile.mit.edu/2003/10/ontologies/vraCore3#	0.0011370392314306295 7.818323136481236E-4 2.8681644779217205E-7 0.2351646039007317 0.023887439215857866 2.98986794039342E-7 0.031823748950096285 4.326886331230986E-6 3.0851715726643037E-7 0.7072001151815049	
http://schema.theodi.org/odrs	2.708662346037511E-6 0.03874217836787867 0.0012086534769871584 0.0011049891321105697 2.0566086186514175E-6 2.3316745974103927E-6 3.23562939913263E-6 0.16617195403127463 0.027880904357036575 0.7648809880597511	
http://purl.org/ontology/cco/core#	5.924567930518623E-4 0.001309356200458601 0.005090871693203752 0.11637480661792524 0.0013238953518178683 3.422529775207853E-5 0.06904004776261674 0.015748278017050855 0.004679641764349409 0.7858064205017732	
http://purl.org/archival/vocab/arch	2.837681942186619E-5 4.320764349008157E-5 0.006309784994840049 9.532835464087883E-4 9.261727990944531E-4 1.1306807475972884E-5 0.003827173049677132 2.7260155560911034E-6 8.813860452750433E-9 0.9878979595101751	
http://www.w3.org/2002/12/cal/ical	6.722042407014319E-7 1.6553370866451074E-4 0.016862870353807916 0.5103891808879407 5.103851489437183E-7 5.7864781655342E-7 8.029807800211726E-7 0.007611861398903139 5.970925237520601E-7 0.4649673923401736	
http://purl.org/ontology/similarity/	1.0921529233585728E-4 3.126041923769182E-6 1.3528572094761827E-4 0.0014894849824780628 0.08928972234403472 4.566031071938563E-5 3.093986754990618E-4 0.18783626110401894 4.149860182047391E-6 0.7207776956678605	
http://semanticscience.org/ontology/sio.owl	5.878746032194699E-4 0.0011426329055689416 4.0256807432899555E-4 0.08616334512134871 0.00779040564105536 6.425008606177333E-4 0.010478905023854996 0.0019344234952650636 0.0014647309140770834 0.8893926133606641	
http://www.sensormeasurement.appspot.com/ont/transport/traffic	0.01848915927515086 0.01690286656643718 0.004632875039052947 0.8744661842994189 0.020407534903409005 1.462093886025309E-4 0.009195136740934603 3.530643894794354E-5 5.221627293475144E-4 0.055202564618698304	
http://online-presence.net/opo/ns#	0.006323028637203715 7.855864617118308E-4 8.946986982441331E-6 0.1208878542540403 5.009617225955764E-4 2.8359156314612195E-6 0.057291994538876116 6.836799481719788E-7 2.0035402505113634E-9 0.8141981057994702	
http://www.bbc.co.uk/ontologies/provenance	6.8360827545033945E-9 1.9673357000958773E-5 3.500532869474592E-5 1.7163984898907193E-5 5.1904390118218525E-9 5.8846465406766844E-9 0.19410501650527245 1.9231051678542992E-5 5.101274359058367E-5 0.8057528791176953	
http://lod.xdams.org/reload/oad	1.2066471551016995E-6 0.013765576661902387 0.014016651172080218 0.19991934068428308 0.0013132848290550736 4.817970812076992E-7 0.09827411394552271 0.011828079540379486 0.02753824834467801 0.6333430163778626	
http://data.press.net/ontology/event/	1.9820310326543602E-6 1.326209604745269E-6 0.8287946351479742 0.0024188680562686844 1.5048985748093225E-6 1.7061747902539277E-6 0.03217236179066586 0.13241765678355552 1.7605600199837786E-6 0.004188198347513419	
http://purl.org/spar/datacite	1.4854974827037791E-6 9.885274096681107E-5 0.00851174043553704 0.13274251196838635 3.2952165303063233E-4 1.278748069136233E-6 0.030861952997816737 0.06100390400329036 5.897437344502845E-5 0.7663897775819754	
http://def.seegrid.csiro.au/isotc211/iso19115/2003/lineage	3.6486474931029517E-6 0.0025491794736876594 5.557002836002616E-9 0.711299125152117 0.0023577499547011846 5.792800500785293E-9 0.009449131738628977 0.0022234119239264633 0.002145494446079179 0.26997224731356323	
http://purl.org/spar/pwo	0.0011074591379750917 0.0012614390196846663 2.7948159461234145E-4 0.09235615465479402 0.0027890950337496633 1.1619721641044884E-5 0.00664688818432689 0.004400827772179501 0.0028669449571835605 0.8882800899238534	
http://www.linklion.org/ontology	5.90090383666552E-6 0.0025354346140619823 5.202597055167699E-9 0.39853016655811757 1.263546422533959E-6 5.423356387602418E-9 0.08684884442769261 2.5315745406030785E-9 0.12075440634069369 0.39132397045164696	
http://archivi.ibc.regione.emilia-romagna.it/ontology/eac-cpf/	6.305177835951133E-4 0.0011861193891918686 0.005934917022368499 0.016310905983522677 9.654308689587907E-5 1.16834305427491E-4 0.14195811921079918 4.0482435260003524E-4 1.1364703006435626E-5 0.8333498541625928	
http://purl.org/vocab/frbr/extended	4.651823691788109E-6 3.1126118400724495E-6 0.9999708369664129 1.4972136594463012E-6 3.53199456956079E-6 4.004389528152712E-6 5.556830484519479E-6 1.8692134271873977E-6 4.1320315761189605E-6 8.069248101453859E-7	
http://vocab.deri.ie/odapp	0.9994028719350629 6.555405549807294E-5 8.090269012212066E-5 3.1532498225519566E-5 7.438658590545328E-5 8.43355955872464E-5 1.1703122415903122E-4 3.9367106160186576E-5 8.702383759305731E-5 1.699447168645717E-5	
http://purl.org/openorg/	1.4621140871651263E-5 9.783246143401323E-6 5.431754689123104E-4 0.9952421321840937 2.850400217741391E-4 1.2586191411218433E-5 1.7465666520739293E-5 7.244452102381606E-4 1.5232520666924414E-4 0.002998425663365427	
http://purl.org/acco/ns	0.001812699383559833 9.819823777222928E-4 6.25005661982952E-4 0.05169672238712872 0.006190978671309676 6.22902124079729E-7 0.005316873538683847 0.004789344190183501 4.875477390109797E-6 0.9285808954099148	
http://www.w3.org/2000/10/swap/pim/doc	3.4123649196552126E-6 7.551526829232711E-4 0.0027111107604739257 0.017200463396525183 2.590909536588461E-6 2.937436853985871E-6 4.076236475453392E-6 0.9157651501180208 3.031069217465569E-6 0.0635520750250537	
http://purl.oclc.org/NET/ssnx/cf/cf-property	0.019219741163299622 0.0714340194370967 0.0016812889300874775 0.604527773285237 0.009000784821592339 0.0017624491109060605 0.005400268199659382 7.736608313058904E-4 1.771737507827448E-4 0.2860228404700318	
http://purl.org/dqm-vocabulary/v1/dqm	0.0024352112783633095 0.0037601455477527237 0.001355150637598387 0.23510255557528925 5.121818826751193E-4 6.686683863866527E-9 0.012723453200010648 0.07348094132539476 3.8319180856402564E-4 0.6702471620576679	
http://dati.cdec.it/lod/shoah/	0.002263410057455346 9.018770478539859E-4 0.01266074648537598 0.01077719951991027 0.004923285977101334 0.0019084670506840317 0.06371094709048751 2.5076675320892772E-5 0.004543801735636975 0.8982851883601736	
http://rdfs.org/sioc/ns#	2.1815131540580652E-6 1.4596863773194398E-6 1.80145307201058E-6 0.002042578706062 1.6563595536005295E-6 1.8778932755036626E-6 2.605923955856207E-6 0.03280662647476911 5.792040705091622E-5 0.9650812915827296	
http://sensormeasurement.appspot.com/ont/home/homeActivity#	6.658632877391135E-7 0.9382870767160069 5.498575440653808E-7 2.1431156376083794E-7 0.05757788723745642 5.731893883490925E-7 7.954062021660158E-7 2.675597100359302E-7 5.914601052428982E-7 0.004131378398734581	
http://purl.org/NET/c4dm/event.owl	0.01356552341632049 1.0897240795931332E-4 3.846890540764255E-6 0.005915632344091456 1.7624901981387346E-5 1.221814928460576E-6 0.9587454456874595 6.826781871930274E-5 4.5240362608287145E-9 0.02157346019396354	
http://open-multinet.info/ontology/omn-federation	3.189395587702994E-5 7.14358572430342E-4 4.732399565731268E-4 8.534453925889774E-5 2.438393299003528E-4 2.745500074536376E-5 2.0529064123816744E-4 1.2815750235054765E-5 2.8330143509926366E-5 0.9981774321102317	
http://vocab.deri.ie/pdo	0.007313705384791256 6.275744546014741E-4 0.004328732325880869 0.06444182302012685 0.0045922903846314905 4.179059176731426E-4 0.06179375602388972 7.98552278159143E-5 1.0332435799217548E-9 0.8564043562273457	
http://def.seegrid.csiro.au/isotc211/iso19150/-2/2012/basic	3.878101329809733E-8 2.5949014657360156E-8 3.2024640975271E-8 1.2481870914321137E-8 2.9445296607596312E-8 3.338352737146808E-8 4.6325813528970385E-8 0.9975699058082305 3.444764507831795E-8 0.0024298413529471024	
http://www.essepuntato.it/2013/10/vagueness	6.381936946718117E-8 2.1861537891392716E-6 0.048409361943519434 0.046018378656720066 0.0034716870694925465 5.493708096435952E-8 0.0017105698959124236 0.00511492478758813 1.6058004520210093E-6 0.8952711669360759	
http://id.loc.gov/vocabulary/relators	0.2801528262244913 9.252917736851433E-9 0.49757845222942837 4.4507942323526155E-9 0.22226865918078617 1.1903921463411234E-8 1.6518890884155425E-8 5.5566446968153114E-9 1.228336529716837E-8 2.398760035535278E-9	
http://purl.org/ontology/service	0.9999327321678763 7.384813173624412E-6 9.113871708716072E-6 3.5522075106390724E-6 8.379817775754299E-6 9.500596302794208E-6 1.3183833087495425E-5 4.434793880719747E-6 9.803432867634753E-6 1.9144658165752274E-6	
http://lod.taxonconcept.org/ontology/sci_people.owl	1.1637729024313965E-4 1.0715142747295678E-5 0.007500509196644545 0.010282824282506474 4.5000398659863583E-4 0.009395664002703023 0.004583760956214882 0.01058757132066996 9.085848719346244E-4 0.9561639889497375	
http://purl.org/vocab/vann/	8.814107393296772E-8 0.013136161262048068 0.0336589778798021 0.4700523198677143 6.69229564817906E-8 7.587372541233166E-8 0.036951961003832696 3.541718040025086E-8 0.0664062481596577 0.3797940654720089	
http://data.ordnancesurvey.co.uk/ontology/admingeo/	0.010809458405217992 0.0033009175147274764 0.0017861846866648182 0.4902404620276799 8.10917799516257E-4 4.330368247924875E-8 0.012963999293571907 0.0027358184266387184 0.40721109466521754 0.07014110387708303	
http://purl.org/muto/core	5.173133909711909E-8 3.461429092008463E-8 0.03677399826792957 0.017505853898178617 0.1846219773588301 4.4531445360559985E-8 2.299105015261465E-5 0.2979190158924346 3.4903892050884035E-5 0.4631211287633482	
http://purl.org/dsnotify/vocab/eventset/	3.5657631032112186E-6 3.206958011117876E-4 5.693621743735909E-4 2.7888552621075556E-4 0.0018269771188136352 3.0694852979012515E-6 7.178969080655797E-4 1.4328084450960342E-6 0.9957056143858343 5.725000287442385E-4	
http://www.w3.org/2000/10/swap/pim/contact	1.6208553169126664E-7 7.995621376780802E-6 4.344270928436176E-5 0.0018536052137569047 0.013311860300624707 1.3952669937069E-7 0.038359310221822734 9.132090601627468E-6 1.5999021546214774E-5 0.9463983532087555	
http://swrc.ontoware.org/ontology-07	2.886607032888008E-4 0.0020457456983942993 0.0022413770951329997 0.04188381797346746 0.0015257930836553523 1.4044006601223663E-6 0.0033705576205466854 0.001028290548875016 1.4049904218955804E-4 0.9474738538337897	
http://www.w3.org/ns/auth/acl	8.986035329637342E-7 6.012704224305448E-7 7.741024869790398E-4 2.892202226741853E-7 2.343092017003566E-4 0.9830346516196088 1.0734257865973386E-6 0.015836666083954294 7.981940887340352E-7 1.1660989370328918E-4	
http://linkedscience.org/teach/ns#	2.5852904689906073E-6 1.7298604282901018E-6 0.5117447878103906 0.016801164298236772 1.9313643489987875E-4 2.2254734416384577E-6 3.088255669445316E-6 0.19703480965943063 5.5207769134939456E-5 0.27416126514789874	
http://purl.org/net/opmv/ns#	1.4076143340408426E-9 9.418579320032393E-10 1.1623817906149138E-9 0.23553313044768326 1.0687606653374954E-9 1.2117045856362075E-9 1.6814640364923413E-9 0.017743956816329693 1.2503283143602333E-9 0.7467229040118755	
http://purl.org/vvo/ns#	7.921354295173755E-4 0.0011211657008339908 7.455414823230159E-4 0.028967687374629594 0.007376430853672333 6.83091338420215E-7 0.0022413633157630213 0.005715608130731547 5.799636521742446E-6 0.9530335849846686	
http://purl.org/ontology/daia	3.301476429425127E-9 9.501219742189847E-6 0.15047829111500632 0.09367762859652293 2.5067151278427355E-9 2.8419816651200752E-9 0.11078300323700717 1.326611772135334E-9 0.17740766590879695 0.4676438999461393	
http://www.w3.org/ns/ldp#	1.2377348071128794E-5 8.281887428989052E-6 1.022098430376263E-5 0.9999161671366561 9.39776076422759E-6 1.065468648130935E-5 1.4785346486921358E-5 4.973512914594749E-6 1.0994310284975626E-5 2.147026608087084E-6	
http://guava.iis.sinica.edu.tw/r4r	0.0039939008837131225 0.0010446508226828822 2.058584363878344E-9 0.581034702522681 2.4060702194244577E-4 2.145935297481578E-9 0.039403753676237004 0.001899133658231809 2.2143381274879705E-9 0.3723832449956539	
http://reegle.info/schema	4.025159999947857E-4 4.177230583442351E-4 2.7859451098139723E-4 0.018794118229713674 0.19428563698362136 9.804068005722679E-6 6.813476319593021E-5 2.3580915573539018E-4 0.003020989661689092 0.7824866735687183	
http://purl.org/net/p-plan#	1.308422032798633E-6 2.790419406076707E-4 3.128348468251975E-4 0.0010234511860845114 9.934468330552893E-7 1.126317726914786E-6 6.326591302364601E-4 0.568119628997002 4.165903902034001E-4 0.429212365322448	
http://purl.org/essglobal/vocab/	0.0033353278135799403 7.381482685912365E-7 9.109761430362183E-7 0.0015955044524647724 0.029445552673025528 0.003873134446190726 1.3177887291296754E-6 4.432793826530434E-7 9.799011603083589E-7 0.9617460905210553	
http://linkedgeodata.org/ontology	4.589215712695298E-4 7.544431204795879E-4 6.099924491501473E-4 0.008311473344231471 0.9202923614203949 0.0010571048467962903 4.0731563138102835E-4 8.632577451367806E-6 1.236179057771548E-4 0.06797613713307002	
http://purl.org/vocab/frbr/core	5.662788881937576E-4 0.011342138160361118 0.01751259998333358 0.12315870046792468 2.4440529656270083E-4 1.0467630417919198E-4 0.09450382624924539 0.009496878236815044 0.012740476672351324 0.7303300197410333	
http://purl.org/ontology/ecpo	1.9807775946618567E-8 1.3253709087424193E-8 1.6356893728720336E-8 6.3752357517078615E-9 1.5039468757604913E-8 1.7050958039672735E-8 0.9999998831263169 7.959235606349262E-9 1.7594466404348338E-8 3.4359397311946906E-9	
http://www.w3.org/ns/rdfa#	6.326300148025786E-7 4.233031612818504E-7 5.224141241102365E-7 1.4976525585372444E-4 4.803375890553094E-7 5.445814747757066E-7 0.0012959662583991193 0.9874869955856783 5.61940299194798E-7 0.011064107693405722	
http://www.eclap.eu/schema/eclap/	0.0039444139853245875 0.001150268566556423 0.06419196579763105 0.0551255312225949 0.12136155836080623 5.772120005889228E-4 0.02071803429715014 0.006227414272123756 0.00453719723190493 0.7221664042653191	
http://ns.inria.fr/ast/sql#	9.120555545776888E-6 0.005733807108299222 4.904948944154736E-5 0.9777111558562201 8.53777391385404E-5 2.4566515665761447E-7 3.796274669528345E-5 7.696531486670655E-5 1.4953769850854814E-4 0.016146777826127258	
http://rdfs.org/scot/ns#	7.154484411888946E-7 4.787183342604136E-7 0.9999955147382396 2.3027080339879077E-7 5.43219213905455E-7 6.158733511090448E-7 8.546380885239882E-7 2.874842043328865E-7 6.355046420388409E-7 1.2410468148100607E-7	
http://purl.org/spar/scoro/	7.289479469199622E-4 0.003159397264995206 0.021114222615627478 0.0921214635343519 0.0049496134132283685 4.331994721793751E-5 0.07004963554384926 0.001055945465500312 2.4353324969707472E-4 0.8065339210186127	
http://purl.oclc.org/NET/ssnx/cf/cf-feature	0.011249422781597556 0.057566336628109574 3.7101962829513005E-4 0.48824477226768637 0.015200498006426219 0.0035021956617664503 0.0082150712053979 0.0011758794523972448 5.929737011922345E-4 0.41388183066713163	
http://www.bbc.co.uk/ontologies/cms	0.007961774810753988 1.7716774642533607E-8 0.08837449427102341 0.1315742231680392 0.1004811599822581 2.2792712518099195E-8 6.735955288736609E-5 3.6041308709914785E-5 0.04454649886150362 0.6269584075353373	
http://www.w3.org/ns/dcat	3.2652252481894426E-7 0.004374156791319531 7.964328263505896E-4 0.8023637495105922 1.429801296382129E-4 2.8107758714053225E-7 7.852279098027096E-6 6.551048479835126E-6 0.005568811721724923 0.18673885809268478	
http://www.opmw.org/ontology/	8.317953544479001E-4 0.010616701574906132 0.00302521286380929 0.19274237010956163 0.001246357615293814 4.76569268665568E-5 0.00905381621973917 0.0017000701641583051 1.2138299183698784E-4 0.78061463617938	
http://purl.org/ontology/ao/core#	0.00110976702408306 3.532747096512133E-4 0.002172724663245173 0.13010566708089724 0.0024813421872683754 6.365059119419514E-5 0.040360184028674743 0.02320295956391824 5.06323867714803E-4 0.7996441062833531	
http://sw-portal.deri.org/ontologies/swportal	3.154488411474917E-5 2.581515237154357E-7 5.360356038577701E-4 0.00477864051833241 0.015723008692710344 1.6186647723284805E-5 0.0013581846460114094 0.024127574278412608 2.2313311097192066E-5 0.9534062532662174	
http://purl.org/lobid/lv	4.490512641561521E-6 3.0046759598377456E-6 3.708181991933123E-6 1.4452948586015426E-6 3.409515776046703E-6 3.865529519024902E-6 5.364136560420133E-6 0.08509577923588582 3.988745330277394E-6 0.9148749441714764	
http://purl.org/swan/2.0/discourse-relationships/	1.2820921017027716E-5 8.578689392008006E-6 1.0587278609421042E-5 4.126480138802824E-6 9.734552813953113E-6 0.9999200728216556 1.531521602437405E-5 5.1517510769470755E-6 1.138831864389129E-5 2.2239706280822897E-6	
http://ns.inria.fr/nicetag/2010/09/09/voc	3.713270679963192E-6 2.484610563433575E-6 2.4717750364610514E-4 0.007598035980180243 0.07926590570906977 3.1964629812368237E-6 9.561079255689307E-4 0.0031698913223068025 0.001797237196638367 0.9069562500183652	
http://rdvocab.info/ElementsGr3	8.489915395756243E-10 5.680742206265017E-10 2.8324391880693743E-5 0.15872086522347847 6.446146083906113E-10 7.308301121919939E-10 0.020545905702821252 0.05162021929818771 0.06384307685294491 0.7052416057381765	
https://raw.githubusercontent.com/airs-linked-data/lov/latest/src/airs_vocabulary.ttl#	0.0013037973717214357 3.3482542229043756E-4 2.869916494823536E-4 0.08971610427898255 0.030478704259549644 5.151830796494644E-4 0.0034035806398848693 2.7742560893216444E-4 0.008229612386471375 0.8654537753030354	
http://purl.org/linked-data/sdmx/2009/code	0.03183203138491108 0.01448769353562268 1.2074662827632398E-9 0.9482199221658698 0.0054006368221633265 1.2587021266492222E-9 3.214069198266261E-5 5.875509611192682E-10 1.2988239270124091E-9 2.757104690694746E-5	
http://purl.org/spar/fabio/	2.326721036726089E-5 0.0010280124125334785 0.006358112386024379 0.0702239516026647 0.02222262735972556 4.619571028080473E-6 0.0012876594354858451 0.008827101925530743 0.005092515981108678 0.8849321321155313	
http://rdf.myexperiment.org/ontologies/base/	0.004125270456529992 0.005028337115629592 0.010481819825796523 0.02511670516693257 0.017192041577295054 0.004816512538673672 0.001035149867408891 0.006809413102388379 2.978234977876937E-4 0.9250969268515576	
http://dati.camera.it/ocd/	0.002313095170085602 0.004760981477650719 0.006224612477414202 0.20017311441338653 0.008879403436737408 0.0027001981426510364 0.08263810964491447 0.02487882411963926 0.04444191817255143 0.6229897429449694	
http://www.wsmo.org/ns/wsmo-lite#	1.4898177297834093E-6 9.96861577849525E-7 1.2302638290590455E-6 7.555526500843219E-4 0.1490359564892661 1.2824670304105484E-6 1.7796600055699502E-6 5.986442068922335E-7 1.3233463497324906E-6 0.8501997897999204	
http://data.press.net/ontology/stuff/	1.2682951577366837E-5 1.2664336319654998E-9 1.59436804383095E-5 5.544091192442233E-6 4.31264284107852E-6 5.052374719628185E-6 0.036892063167904714 1.2176085643495723E-6 1.6812066602620972E-9 0.9630631805351219	
http://purl.org/ontology/po/	0.0036684859068167037 1.835787525067747E-4 0.08305617689477345 0.05050455341290869 0.06250271178958938 3.329757652490287E-5 0.022676228749567734 0.013819577724757314 2.627711736977526E-4 0.7632926180188576	
http://salt.semanticauthoring.org/ontologies/sao	4.859011759791544E-6 3.2512447884207862E-6 4.012481724132215E-6 1.5638982171686072E-6 3.6893064497074423E-6 4.18274145738334E-6 5.804326745898129E-6 0.9757306166919069 4.316068568040338E-6 0.024237704228382836	
http://www.ontologydesignpatterns.org/ont/dul/ontopic.owl	9.450139959141829E-4 0.0013042245644677422 0.02763504103839442 0.05376775164819096 0.0021604147296549222 1.9404983263846795E-4 0.011188202226925821 0.10833868759609416 3.668275620576317E-4 0.7940997868056615	
http://mex.aksw.org/mex-perf	0.0011288962512505099 0.004593309298166171 0.013967514948507868 0.16318358044351033 6.892026258601714E-4 6.741366356367478E-5 0.01098704790181795 0.04884083721439347 1.1818268736431257E-5 0.7565303793841932	
http://www.ontologydesignpatterns.org/ont/dul/IOLite.owl	2.1998315519474452E-4 0.001940788511482486 0.002288356617927738 0.06576996005448857 3.1989031407319505E-4 2.874118802851554E-4 0.015454472601621297 0.07956172907445277 5.454866288760373E-4 0.8336119211615978	
http://www.aktors.org/ontology/support	0.02967583650223576 2.9331103120883767E-7 3.6198601729508286E-7 1.4108706930252196E-7 3.3283076164028746E-7 3.773459982202613E-7 0.9702567073776602 1.7614175684205452E-7 3.8937410279552276E-7 6.538404336665986E-5	
http://securitytoolbox.appspot.com/securityAlgorithms#	6.260026107767263E-7 4.188686561056915E-7 5.169413368755511E-7 0.02421579446850137 4.753055937389525E-7 5.388764633568926E-7 7.477906776848976E-7 2.5154274173887206E-7 0.9713755702007221 0.004405060002696401	
http://contextus.net/ontology/ontomedia/ext/common/trait#	3.6340896947699185E-7 2.43162926225996E-7 0.00254045161596804 0.006768625474053066 0.017396959729962504 3.1283022922372635E-7 0.06603634104927347 5.190722405105393E-4 3.2280185931693747E-7 0.906737307686248	
http://purl.org/spar/biro	4.5450411312388656E-4 0.0014813760141321507 0.003692494350760164 0.16606719161413164 0.0013565186818900025 8.433301850769617E-5 0.07665433694308318 0.0604719181785087 0.0038155027178632625 0.6859218243679993	
http://ontologi.es/doap-bugs#	3.034309751932498E-7 1.577723097546385E-5 2.4050929236514606E-4 0.0016744316717574475 0.4608258906160784 2.6119988634263154E-7 3.6246311223656904E-7 1.4151062328891904E-5 2.6952577177084193E-7 0.5372280435067492	
http://kmi.open.ac.uk/projects/smartproducts/ontologies/food.owl	0.009007810962950643 0.02280228774627351 3.678146122654137E-4 0.23944660823371353 0.007864654161929061 4.378722380837381E-4 0.01046291042555943 0.0023998361484707555 0.0011943191950896505 0.706015886275664	
http://www.w3.org/1999/02/22-rdf-syntax-ns#	1.550786986077735E-7 0.11724871599650483 0.0011857877504966826 0.8582547595605712 0.003545172615221194 1.3349506728743089E-7 1.8524907585051637E-7 9.190781158778982E-6 1.3775029362397077E-7 0.019755761722911935	
