http://lod.geodan.nl/vocab/bag	1.6987982182514324E-5 5.635603325180305E-7 7.19728372665587E-7 3.7621338024440546E-7 3.8027611120467925E-7 3.8219580191619206E-7 4.1923183118731594E-7 4.103696580995201E-7 8.333171457870618E-4 0.9991464432965427	
http://www.w3.org/ns/auth/cert#	4.269400297385835E-6 2.8468301279389304E-5 3.63571439828281E-5 1.9004453003782916E-5 1.9209682226495242E-5 1.9306655576791937E-5 2.1177533952442872E-5 2.072986047562769E-5 0.999814096220637 1.7380748568138583E-5	
http://purl.org/dc/dcam/	6.430605396770669E-7 4.2879186558409035E-6 5.47614254981661E-6 2.862466143632176E-6 1.990999148084566E-4 2.907984140576611E-6 3.1897773607281396E-6 3.122348418125556E-6 0.99977579248492 2.617902463037311E-6	
http://purl.org/rss/1.0	8.761225026615965E-8 0.015165313605155037 7.460839873779751E-7 3.899898760391234E-7 0.0012397304479381914 3.961913670245799E-7 4.345836125503602E-7 0.9835771224309466 1.542238498662461E-5 3.566698803804711E-7	
http://data.lirmm.fr/ontologies/oan	0.9737120987394855 7.346443421795476E-8 9.38221422580252E-8 4.904231460257233E-8 4.95719229056314E-8 4.982216939009319E-8 5.465010134180782E-8 0.026287422173166684 6.38620309044031E-8 4.4852232218269516E-8	
http://data.lirmm.fr/ontologies/vdpp	3.3152292546441794E-4 1.957427060617323E-6 0.9971269129613316 1.3067105837033932E-6 1.3208217605602088E-6 1.3274894664470681E-6 1.4561275584667786E-6 3.588181695531235E-4 1.7015753101343163E-6 0.0021736757919112366	
http://purl.org/ctic/sector-publico/elecciones	1.974549408641096E-5 1.316626775209003E-4 1.681476838682214E-4 8.789344832140441E-5 8.884261029291274E-5 8.929110108352688E-5 0.9991237064360357 9.587326296956959E-5 1.1445328709468523E-4 8.038399872687347E-5	
http://www.w3.org/2003/g/data-view	0.9999850971172135 2.055704939317375E-6 2.625360738298889E-6 1.3723174953605637E-6 1.387137161721459E-6 1.3941396376764045E-6 1.5292363503303535E-6 1.4969097085522355E-6 1.7870074650753252E-6 1.2550692902222352E-6	
http://www.w3.org/2004/03/trix/swp-1	3.8920122757060366E-7 2.595188324592649E-6 3.314340207860603E-6 1.7324579386264366E-6 1.7511667641872318E-6 0.03419931225414464 1.9305573703772167E-6 0.9657851344180527 2.2559759528832856E-6 1.5844400167764865E-6	
http://www.w3.org/ns/regorg	0.049047171714298544 0.0027281221491055113 1.44696716971382E-6 0.0426362408363933 7.64520434704716E-7 0.0011983881959798132 8.428383807913441E-7 0.0015785661935795456 0.8521793876570029 0.0506290689276552	
http://www.w3.org/ns/radion#	3.120832088702216E-7 2.080966457934628E-6 2.6576224690069764E-6 1.3891812112055742E-6 1.4041829889534283E-6 1.4112715147948726E-6 1.548028362644571E-6 1.5153044751102684E-6 0.9994488389262024 5.38842433109217E-4	
http://semweb.mmlab.be/ns/oh	1.262586345861584E-7 8.418908038967255E-7 1.0751869201711905E-6 0.002842708316590203 5.680864008550232E-7 0.008845574757989229 6.262815230454383E-7 0.09753350388554953 0.8907744613360971 5.139994916012409E-7	
http://vocab.deri.ie/c4n	6.078364884895045E-6 4.053045176747795E-5 5.176183349113678E-5 2.7056727350106512E-5 2.734891314056817E-5 2.7486974546422986E-5 3.0150552714398753E-5 2.9513197921727178E-5 3.523278972876783E-5 0.9997248401944545	
http://www.w3.org/ns/hydra/core	1.7886307735000016E-4 0.002201322788577293 3.141161982379499E-7 1.0270181598566398E-4 1.823049327338623E-4 1.6680444573247438E-7 5.422533925716021E-4 0.9967565776125544 3.53452944696342E-5 1.5016511377604363E-7	
http://labs.mondeca.com/vocab/endpointStatus	2.2000859135429468E-5 1.4670142002292739E-4 1.8735380793937306E-4 0.9990124164329736 9.899036943438216E-5 9.949008763158998E-5 1.0913100409178237E-4 1.0682407562032714E-4 1.275263427664744E-4 8.956560038422109E-5	
http://purl.org/ctic/dcat#	0.01856209323058881 4.384926138347496E-6 5.600031747640203E-6 2.9272249827430494E-6 2.958836106083083E-6 2.9737727534884186E-6 3.261941106441753E-6 0.0031305539513928247 0.9782825689567538 2.677128429705575E-6	
http://purl.org/cld/cdtype/	1.1439690684411996E-6 7.627969697436703E-6 9.741754165962135E-6 5.0921686617869655E-6 0.9990560712132274 5.173142656222987E-6 5.674437180859305E-6 8.981873103407654E-4 6.630931575819533E-6 4.6571034251528605E-6	
http://vocab.deri.ie/csp	3.242280477692418E-7 2.16194807331013E-6 2.761044876310947E-6 1.443241735873703E-6 1.4588273136106891E-6 1.4661916921796396E-6 0.9082602199024823 0.09172696531812924 1.879363751197348E-6 1.3199338980854391E-6	
http://purl.org/ctic/empleo/oferta	0.0032830248441658963 1.016263821251007E-5 1.2978803937455923E-5 6.784225669408791E-6 6.857488570506793E-6 0.9966501929699755 7.559973940125528E-6 7.400163084621373E-6 8.834298154017067E-6 6.204594289876926E-6	
http://data.press.net/ontology/classification/	1.196055847626853E-7 7.975283610221627E-7 1.018531213629677E-6 5.32402341379002E-7 5.381517580378075E-7 5.408684286380636E-7 5.93280356907382E-7 5.807389589948907E-7 0.9999947919781018 4.869148946699367E-7	
http://purl.org/ctic/infraestructuras/organizacion	6.323087780241885E-4 1.4374330183920324E-5 1.835759664844723E-5 0.002519342347920317 9.699430687553541E-6 0.9967634860193433 1.0693046365010483E-5 1.0467005256790796E-5 1.2495487485987615E-5 8.77595808440467E-6	
http://purl.org/ontology/dso	9.103100770648904E-6 0.6191940511298097 7.751972697695387E-5 4.052078482554684E-5 4.095836906813383E-5 4.116513304394532E-5 0.38046265789116634 4.4199652346179816E-5 5.276544620232933E-5 3.705876579011691E-5	
http://zbw.eu/namespaces/zbw-extensions	0.031859412034322084 3.912526747405879E-6 4.996725898608064E-6 2.6118674931598763E-6 2.640073068734301E-6 2.653400552629382E-6 2.910523786433889E-6 2.8489980060596416E-6 0.9681156251356386 2.3887144861717375E-6	
http://purl.org/prog/	3.3116481396522903E-7 2.208202332975818E-6 2.820116640445395E-6 1.4741194793475559E-6 1.490038506055211E-6 0.05599513347331377 1.6426789720086212E-6 1.6079542581518662E-6 0.936947224139583 0.007046068112100248	
http://www.w3.org/2003/06/sw-vocab-status/ns	0.9999879272901485 1.66531064013925E-6 2.12678438820348E-6 1.1117037678724794E-6 1.1237090647427138E-6 1.1293817162463692E-6 1.2388225162014262E-6 1.2126349542204026E-6 1.4476408985943302E-6 1.016721905534334E-6	
http://www.w3.org/2004/03/trix/rdfg-1/	7.907406599184983E-7 5.27264762552401E-6 6.733749478430607E-6 0.9999645049097079 3.557847880861463E-6 3.5758084293382754E-6 3.9223160178385386E-6 3.839401885682414E-6 4.583469391600472E-6 3.2191089228767513E-6	
http://www.w3.org/2004/09/fresnel	1.4545713348173027E-6 9.699061251599522E-6 1.2386765299479694E-5 6.474757728880869E-6 6.544678683495261E-6 6.577717200794549E-6 7.215119614856704E-6 7.062598660770463E-6 0.9999366631635217 5.921566703492577E-6	
http://inference-web.org/2.0/ds.owl	0.9969649587596227 2.782231776128569E-5 3.5532152159546015E-5 1.857321675647277E-5 1.8773789055893315E-5 1.886856195224047E-5 2.069698761590181E-5 0.0028536021458158587 2.418571293194689E-5 1.6986356328252843E-5	
http://purl.org/ontology/olo/core#	2.440596450599749E-9 1.6273862888805343E-8 2.078350830976561E-8 1.0863867830576172E-8 1.0981186816293614E-8 1.1036621490498747E-8 1.210610638417651E-8 0.9715712905123335 1.4146735706907604E-8 0.028428610855180433	
http://ontologi.es/doap-deps#	3.725595032306403E-5 1.1919259602418322E-5 1.5222202170790201E-5 2.053083227322508E-4 8.042811795845574E-6 8.083413113267326E-6 8.86672240963475E-6 0.9996876629389767 1.0361314739441733E-5 7.277064136524004E-6	
http://data.press.net/ontology/identifier/	0.4702948901284026 2.9851942536305436E-6 3.8124205666789596E-6 0.0015920463153633307 2.0143327989197297E-6 2.0245014523009055E-6 2.220682296441341E-6 0.402605182853099 0.12549300102147723 1.822550289889219E-6	
http://purl.org/vocab/changeset/schema	7.237980370991561E-8 4.826275155830681E-7 6.163682863238488E-7 3.221854317268795E-7 0.0068919608686082035 6.430141847594607E-4 3.590260092211175E-7 0.14963720332627603 0.8428256743747905 2.946585192453267E-7	
http://data.press.net/ontology/tag/	4.360649903606657E-7 2.9076752373354555E-6 3.7134202782814156E-6 1.941063390326407E-6 1.962024947638935E-6 1.971929543159824E-6 2.163015996529806E-6 2.117291839328695E-6 0.9999810122911628 1.7752226141613446E-6	
http://www.w3.org/ns/adms	4.196788650978017E-5 3.561981631579061E-5 2.8786247111704815E-7 1.5047025713792643E-7 5.9860211779682176E-5 1.5286298577154504E-7 1.6767591146858807E-7 0.999796631616242 1.9593969594232238E-7 6.496565783131504E-5	
http://vocab.deri.ie/ppo	0.016451388967319337 1.6204168358084075E-5 2.0694500747867873E-5 1.081734217311898E-5 1.0934158727931719E-5 1.0989355997309808E-5 1.2054260709362124E-5 0.9834429379661791 1.408615082223287E-5 9.89312896556812E-6	
http://open-multinet.info/ontology/omn-lifecycle	2.017148520218369E-5 1.3450318030382903E-4 1.7177531755275502E-4 8.978966970516383E-5 9.075930898483788E-5 9.121747555725173E-5 1.0005674871995696E-4 0.9991026860905268 1.1692251289678233E-4 8.211821055049658E-5	
http://purl.org/reco#	1.4957453707844624E-6 9.97360914571927E-6 1.2737393080840169E-5 6.658036404340996E-6 0.9999329302699601 6.7639103135863215E-6 7.419355452191406E-6 7.262517141438651E-6 8.669976734629152E-6 6.089186396384545E-6	
http://rdf.insee.fr/def/demo	1.0050390423594408E-6 6.701586232838491E-6 8.558660848409929E-6 4.473747111317272E-6 3.9881112220505185E-4 4.008243804255583E-4 4.985301672492535E-6 0.9979616815251217 0.0012088671187008258 4.091518639540109E-6	
http://www.holygoat.co.uk/owl/redwood/0.1/tags/	1.358445395168711E-6 9.058094834757301E-6 1.1568180864933131E-5 6.0468707247939695E-6 6.112170924617894E-6 6.143026078032598E-6 6.738305493710696E-6 0.9999395705404869 7.874127643263151E-6 5.530237553838645E-6	
http://purl.org/wai#	2.906253352473795E-6 1.937885657691051E-5 0.9998813551820595 1.2936654191923234E-5 1.3076357212251056E-5 1.3142368620123243E-5 1.4415907331083542E-5 1.4111168385989925E-5 1.6845881286378853E-5 1.1831370983317263E-5	
http://purl.org/net/ns/ontology-annot	0.007632722299211918 6.595296491652362E-7 8.422917187898671E-7 4.4027917574543245E-7 4.4503375368549065E-7 4.472803506661774E-7 4.906232866079583E-7 0.992362976676574 5.733237216855412E-7 4.026625576592719E-7	
http://www.w3.org/ns/locn	0.9956252412575417 3.712122321904559E-5 7.029733525327212E-4 0.0013726335726089345 2.504845283525675E-5 0.0011159619261848451 2.761443183287867E-5 2.7030688289524575E-5 0.001043711478992361 2.266361596289176E-5	
http://rdaregistry.info/Elements/m	0.8149329329563118 0.08297039341381766 6.310810729013043E-4 0.0023911838990025663 5.030562805722563E-4 3.197432730127032E-4 1.6876645863566844E-8 0.0017635145757577372 0.002566769942145537 0.0939213077098328	
http://purl.org/ctic/infraestructuras/localizacion	3.231895368579301E-5 1.0414232417327763E-6 7.384101563949946E-5 0.9731095292289962 0.0054091811041123905 0.011342146594518102 7.747134556506313E-7 7.583367298710645E-7 0.010029772809613901 6.358200069590338E-7	
http://ns.nature.com/terms/	0.913482951608281 0.005731869718481351 1.0244207007467553E-4 0.006066835483495844 0.0038720342514269902 0.012689765421275276 6.551233002811631E-4 0.008122046882239388 0.02943862386971464 0.019838307394729526	
http://purl.org/uco/ns#	0.8941363613387086 0.0012259196741170083 2.9162782186807493E-6 7.630247559948315E-4 3.550643507464067E-4 0.007451190708759505 6.217822171827557E-4 0.003901055406717108 0.002904460514933416 0.0886382247546221	
http://contextus.net/ontology/ontomedia/ext/common/being#	0.8453577627766921 0.008551837561303198 5.11412656716868E-4 0.0041407852223989084 5.347592013424691E-4 0.0107370729991639 4.5902806712418975E-5 4.493246384234398E-5 0.006545094964808771 0.12353043934701914	
http://salt.semanticauthoring.org/ontologies/sro	0.9997665084983285 3.2207837916270404E-5 4.113294253160134E-5 2.150083828417137E-5 2.173302598922374E-5 2.184273755641215E-5 2.3959370610581976E-5 2.345289168023865E-5 2.799800968003874E-5 1.9663847422864744E-5	
http://def.seegrid.csiro.au/isotc211/iso19103/2005/basic	0.7789507763487368 5.248774466155044E-6 3.9040379251774614E-4 0.18077739074276392 3.247966648230368E-9 0.023231188478004233 3.5806903601158705E-9 0.0024257662049734716 0.012675236003304084 0.0015439828265763362	
http://www.w3.org/TR/2003/PR-owl-guide-20031215/food	8.085171524057251E-5 2.0608867225764735E-7 0.012139296933179184 8.086519570544346E-4 0.9684683294578663 0.01243029426630809 4.549035499713068E-5 1.50068294542092E-7 1.7915119468174773E-7 0.006026550007189544	
http://www.w3.org/2006/time-entry	0.1346515095597297 1.2839067147055129E-8 1.6396897317109427E-8 0.002150845098159068 8.663474422273451E-9 0.05953119372425195 9.550966099312216E-9 9.34906751139236E-9 0.8032504573692145 4.1593744917212843E-4	
http://www.w3.org/2006/time	0.015903498898868575 8.134262629152945E-9 1.0388345785013957E-8 1.4773260993033874E-4 5.488792559814996E-9 0.012672896956314848 6.051067863739744E-9 5.923153886829671E-9 0.9712257362555864 5.0099293677096065E-5	
http://www.essepuntato.it/2012/04/tvc	0.04631772378797081 8.661442660860011E-4 1.5631421736574423E-8 3.1983344190377475E-4 2.9342805736132227E-4 0.01202522372847601 9.105087151719341E-9 8.912614032277345E-9 0.9395761534397257 6.014596293543298E-4	
http://owlrep.eu01.aws.af.cm/fridge	0.9021996249714093 0.00127916699664872 5.348933464865093E-5 0.03484923399280672 0.0046609426736684955 0.035030788500935654 3.912360901802112E-5 1.4752825225411504E-4 0.01700519408156675 0.004734907587043865	
http://securitytoolbox.appspot.com/stac	0.10739620905933575 8.576808646632155E-8 1.0953525600929702E-7 3.215548050158194E-4 1.99677169789095E-5 0.8899609034234313 6.38027729631905E-8 2.2054333957761794E-5 2.980959464843577E-4 0.001980955608679978	
http://contextus.net/ontology/ontomedia/core/space#	0.013848997551527518 1.4099475686929328E-7 0.9261927985839521 7.340759641353349E-4 9.513965896595224E-8 7.268231757816988E-4 1.0488582446180772E-7 1.0266863516059409E-7 0.00573701205879885 0.05275984897692841	
http://spinrdf.org/sp	0.9416402065522731 0.0037112386461568892 1.822833816288613E-8 0.008151725922501695 0.013934991413262524 0.027082356325657923 1.061775508338769E-8 0.0014710203435134596 0.002701844158671458 0.001306587791869795	
http://purl.org/net/cartCoord#	3.2116297933947486E-4 0.002062503481967978 6.74593938504664E-7 6.13157001462277E-5 3.638789689128615E-5 8.843999757705557E-5 3.9294164699906685E-7 0.9818106151533803 0.015486851917271989 1.316553378403422E-4	
http://www.ontotext.com/proton/protontop	0.906881407350091 0.01118875636333993 1.424948180126444E-4 0.00968273297909694 3.187678903087212E-5 0.008415098319344184 1.2300489531957786E-5 0.0015336830393766492 0.04125736251882716 0.020854287333348463	
http://www.w3.org/2006/gen/ont	0.8628883626345799 2.6410139154851125E-10 3.3728645149425167E-10 0.004063758792526224 1.7820887018977512E-10 0.03612052383906644 1.9646469705079595E-10 1.9231161510094852E-10 0.0909255792138884 0.0060017743515659115	
http://commontag.org/ns#	0.013217424501864024 4.828430722193346E-4 1.010571757155356E-6 4.499056501645284E-5 0.0068145983914794156 7.141983682720027E-5 5.886440835024208E-7 3.330497554121866E-4 0.9573292938796415 0.021704780781699153	
http://purl.org/spar/doco	0.783351265372186 0.02373100419183864 2.1190665034125943E-7 6.43221109730476E-4 0.03972073977129311 4.3258463512593385E-4 1.234326954963799E-7 0.13995992642966645 0.004248846817848209 0.007912076332965012	
http://www.linkedmodel.org/schema/vaem	0.9121721250640134 0.016308190147110303 5.49715356853683E-8 0.003219263504012276 0.03788780334182076 2.145642646861004E-4 3.2020159887824505E-8 1.4294937985831336E-4 0.028212373149804758 0.0018426441569984332	
http://purl.org/biotop/biotop.owl	0.06627410697095532 1.0752506302866354E-4 2.3872112895645595E-5 0.028584139244114945 0.0024451494069256106 0.8661431780406784 5.056581989982262E-4 9.781151608488963E-5 3.456289145517198E-4 0.03547293053176374	
http://purl.org/wf4ever/wfdesc	0.11270026865322179 6.345572680103706E-7 8.103992483424354E-7 0.005614940185787926 0.01553586573702216 2.669604954310167E-4 4.7204636329278343E-7 0.0020276636905832645 0.844263087058282 0.01958929717679211	
http://resource.geosciml.org/ontology/timescale/thors	0.9100816637173696 1.2987392895003054E-6 8.527691385466706E-5 0.03878645811070009 1.3232021361964425E-8 0.027508836591858557 0.004060739019639955 0.012846498732742875 0.006295980661865075 3.3323428065841135E-4	
http://code-research.eu/ontology/visual-analytics	0.9538970103781527 0.0013673130191942866 1.0034423095576584E-6 0.004077021618549267 0.0017637031310757942 2.3197989035726914E-4 0.0054472166309697785 3.7179627385582E-5 0.03159097331657783 0.0015865989454280423	
http://def.seegrid.csiro.au/isotc211/iso19156/2011/sampling	0.9632994001443882 8.693539520130685E-4 2.739821722263848E-5 0.011582888898109947 5.556660236420356E-4 0.005095461463223472 7.679729014020189E-6 0.00488502900363349 0.011748137286141925 0.0019289852826102133	
http://purl.org/linked-data/api/vocab#	0.9519154468454389 0.006509810984091921 8.063529546715535E-9 0.009644409071681025 2.5006815444182377E-5 4.281958664444364E-9 4.696894531450247E-9 1.6470240735124222E-4 0.03174060297879181 3.854818180696861E-9	
http://reference.data.gov.uk/def/payment#	0.8890513093584296 4.4753059931923906E-4 6.1784322752543075E-6 3.2295640677272055E-6 0.002450035799988856 3.2809195353521023E-6 3.5988514208890017E-6 0.10550823027462013 1.8276359050719315E-4 0.0023438426098357514	
http://data.archiveshub.ac.uk/def/	0.8304256692440312 0.033661125943415714 0.0015013877730510948 1.0212661995241276E-5 4.536196316991847E-6 0.0022170651741861298 7.101787887004243E-5 0.0018521467278396326 0.0012732423816420664 0.1289835960186517	
http://purl.org/dc/elements/1.1/	2.0437998338873624E-9 1.3628028615985519E-8 1.7404487669666668E-8 9.097600409133417E-9 9.195845460445451E-9 9.242267464338887E-9 1.013787355583612E-8 0.9147465957851016 1.184673364608111E-8 0.08525332161826163	
http://purl.org/spar/deo	0.9373307536189033 0.01201398044215149 2.6609344154544135E-6 0.003121686905272922 1.9111937599736884E-5 9.77829045947182E-4 1.5499575256825808E-6 0.029255594849950797 0.010822398965980237 0.006454433342253203	
http://simile.mit.edu/2003/10/ontologies/vraCore3#	0.8949309303175409 2.542731406269211E-7 0.0021143243133758425 0.001379806160040973 1.7157701761827331E-7 0.008683829591932427 1.4490269891043712E-4 1.8515494395557437E-7 0.014775383342260237 0.07797021257083699	
http://schema.theodi.org/odrs	0.24463145421721266 0.001584633329878943 1.5612945955845656E-6 0.022352703312073178 8.249265414601725E-7 0.020333265520780918 9.094325264760728E-7 0.71109283885196 1.0627282783619286E-6 7.463861523189449E-7	
http://purl.org/ontology/cco/core#	0.9249683425978279 0.004011788980649698 1.4570386152440033E-4 0.001572872770171607 0.0077780141734699855 0.00436833467293734 3.9870560459371674E-4 0.017136265510869834 0.028948005254545595 0.010671966573409557	
http://purl.org/archival/vocab/arch	0.9612565058591478 0.011278740138199066 3.147024796261132E-5 0.004267438457649324 8.498690661219925E-9 0.0033128703772626307 7.02615812118592E-6 6.877631638271145E-6 0.002103222328261728 0.01773584030306673	
http://www.w3.org/2002/12/cal/ical	0.9649260435589607 0.014115320576753349 4.127831857640452E-7 3.494136865428786E-4 0.012836680477631344 5.501811820007108E-5 2.404405014773553E-7 6.140952231561491E-4 0.007102577801615218 1.973334530431956E-7	
http://purl.org/ontology/similarity/	0.08205851135503259 2.407239701162718E-4 1.494258272332274E-4 5.6633381891010736E-5 4.7607424870821743E-7 9.445219250062981E-5 3.3657725410227756E-5 0.45896558392934794 3.103559214631935E-4 0.4580901796227562	
http://semanticscience.org/ontology/sio.owl	0.9050617495563885 4.4815951016064046E-4 1.3148745143197845E-4 0.001598714407516855 0.009560975922076704 0.045024786570167584 0.001402785896450825 8.602182889647927E-4 0.004150052835857845 0.031761069560984415	
http://www.sensormeasurement.appspot.com/ont/transport/traffic	0.953899518785069 0.002919161587996504 5.271404878589271E-5 0.013290907790080641 5.048399214147102E-7 0.0030155383504361973 1.2102847114653637E-5 7.490818418024492E-4 0.005520726558068558 0.020539743350724973	
http://online-presence.net/opo/ns#	0.9202153516779306 1.179536399056442E-5 7.3005392300786335E-6 0.001844175495033522 1.5378766573519333E-9 0.029837720785250713 1.629649042474833E-6 1.5951997692746787E-6 0.041560884476763364 0.0065195452751127675	
http://www.bbc.co.uk/ontologies/provenance	0.6855817052935395 2.1922446195516195E-5 6.997592826009994E-9 1.5000441841300869E-5 3.697252308969694E-9 3.715916591859208E-9 4.076001121765506E-9 0.19715426920583112 0.11721938672674444 7.69739908512003E-6	
http://lod.xdams.org/reload/oad	0.8416716971241632 0.014887474377664375 9.268880277736614E-7 0.014457097826552835 0.003710368368930914 0.004777194332136046 2.077004837888308E-7 0.03162347995233404 0.08028390182095929 0.008587651608747953	
http://data.press.net/ontology/event/	7.867216909833747E-5 1.8515543212900147E-6 2.364638001773062E-6 1.2360336058541986E-6 7.828610513049474E-4 1.2556886064974903E-6 1.3773689592185168E-6 0.2426404342471869 0.7491323508626503 0.0073575963862649125	
http://purl.org/spar/datacite	0.2890193334517385 0.0015616787220944829 3.8652136712782906E-7 5.779716237095122E-4 0.01266883884875577 2.8959042584194867E-4 2.251433550325179E-7 0.04354808798731089 0.6506509249838663 0.0016829622919602007	
http://def.seegrid.csiro.au/isotc211/iso19115/2003/lineage	0.962013348536245 9.870234781465252E-6 1.2199985578264543E-8 0.012924716570135556 0.0019100917381406931 0.011792865988064526 7.106323008348505E-9 0.0045947734835422 0.004145916016488274 0.002608398126293707	
http://purl.org/spar/pwo	0.743765847036816 2.9643865615071877E-4 4.8747264752632333E-4 0.015440645438125159 0.0037854456068689506 0.0118378805319056 1.3837407381280302E-5 0.0026551453500041626 0.009325263815153483 0.21239202351006864	
http://www.linklion.org/ontology	0.727076614456578 5.30502495112318E-9 6.775098875327713E-9 0.00347045116341175 3.579695272808031E-9 0.13078122841916445 3.946401470125855E-9 3.8629781937893775E-9 0.13866907249159122 2.61000005577928E-6	
http://archivi.ibc.regione.emilia-romagna.it/ontology/eac-cpf/	0.8787926770449362 0.007092238728120259 4.988262066279111E-4 0.0028867472595671684 2.2017199793549356E-7 7.270079487491802E-4 4.3072548033619154E-5 0.012690666594379417 0.07805263896229565 0.019215904535292486	
http://purl.org/vocab/frbr/extended	5.761017161103927E-7 0.9999754167373902 4.905937973116466E-6 2.5644112115517573E-6 2.5921043064046733E-6 2.605189636809767E-6 2.8576410744288347E-6 2.7972331856655698E-6 3.33933072635047E-6 2.345312779295706E-6	
http://vocab.deri.ie/odapp	0.9952836253648206 6.505771247128476E-4 8.308583628853149E-4 4.34302780155443E-4 4.389928189571576E-4 4.412089203954078E-4 4.839635147905301E-4 4.737329737934287E-4 5.65541365510924E-4 3.9719677397832815E-4	
http://purl.org/openorg/	0.004476699502500381 9.141496637519182E-4 9.094571738608976E-6 4.753876192188245E-6 0.9924787441937939 4.829470770825138E-6 5.297462360307689E-6 1.1794933489461496E-4 5.254283361316004E-4 0.001463053587865563	
http://purl.org/acco/ns	0.9400757701711489 9.262919838499945E-4 1.650506763612918E-6 0.0013819778379908633 4.7385970152444924E-4 0.003008147356862713 2.6672490835870356E-5 0.006821836838713021 0.0038089066868255447 0.04347488642548537	
http://www.w3.org/2000/10/swap/pim/doc	0.02515831430528632 0.002163085367726572 2.3936996415773596E-6 3.517595140394585E-4 0.008926618990101571 1.2711211462608822E-6 1.394296962803173E-6 0.9517909439415502 1.6293224265319554E-6 0.011602589441118706	
http://purl.oclc.org/NET/ssnx/cf/cf-property	0.7892428509728598 0.001244939708084536 2.647497165103199E-4 0.09679053555725219 0.0012411642668278522 0.08169626975850648 3.919209924321783E-4 4.8201436411090826E-5 0.012163320003069716 0.01691604758804614	
http://purl.org/dqm-vocabulary/v1/dqm	0.885918100913051 4.1257487118550874E-4 6.163270487811076E-9 0.004072847505679047 0.0881172856376335 0.0074930011447264366 1.8235675816118899E-6 8.98914027988737E-6 0.010041147206453004 0.003934223850139583	
http://dati.cdec.it/lod/shoah/	0.8417969993064256 0.004097501957058162 2.09100605853819E-4 0.0010285886903881067 0.0010717233512646447 0.09004823026098566 0.016141877389620626 0.0022643705042522905 0.00779723121902835 0.03554437671512277	
http://rdfs.org/sioc/ns#	0.9465083886432888 2.444965012334337E-6 3.12248855715087E-6 1.6321740527047769E-6 0.04477349129994469 0.0015664187502556625 1.818806435027165E-6 1.7803585495344103E-6 2.125388058045086E-6 0.007138777125846274	
http://sensormeasurement.appspot.com/ont/home/homeActivity#	0.0022144196952708474 6.967894615830506E-7 0.007954743639686325 4.65152537421451E-7 0.010151434471609194 0.9210985346898451 5.183408147736167E-7 5.073835694566674E-7 6.057133714180799E-7 0.05857807412383369	
http://purl.org/NET/c4dm/event.owl	0.032098408756786746 6.675521282523607E-6 4.135420300013911E-6 2.687932334196623E-4 4.683767457034221E-9 0.015956070752550074 9.257148273597752E-7 9.061460722708143E-7 0.9514450125652943 2.1906720569891838E-4	
http://open-multinet.info/ontology/omn-federation	0.002955753687210611 0.0015371495356473217 1.0831544217868646E-5 0.9931842029159601 5.72296114749175E-6 7.796365494521928E-4 6.309224826340621E-6 6.175853650057332E-6 1.9453592873262246E-4 0.00131968179915535	
http://vocab.deri.ie/pdo	0.852164730856512 0.00595743724075377 0.007211784375950658 0.0019623936730496978 9.546423822074286E-10 0.017724345071448957 1.5346847544654273E-4 1.5022429384641095E-4 0.04464212748840683 0.07003348756994263	
http://def.seegrid.csiro.au/isotc211/iso19150/-2/2012/basic	2.7840212627545854E-9 1.8563814717690504E-8 2.370802802520064E-8 1.239256044506955E-8 1.2526387793167962E-8 1.2589622873118616E-8 1.3809598704625723E-8 0.9999998761548305 1.6137372074323025E-8 1.1333763574691615E-8	
http://www.essepuntato.it/2013/10/vagueness	0.9141498876928325 0.05463852559063734 9.292674858094821E-8 4.8574278195094026E-8 0.008316091628212376 2.2468997749403374E-4 5.412854689831093E-8 7.075957692480446E-5 0.009989358282918194 0.01261049162140706	
http://id.loc.gov/vocabulary/relators	1.657118814868591E-9 0.6217082873491259 0.28588709936040113 7.376360717016297E-9 7.456018088691119E-9 7.493657183674994E-9 8.219817192264552E-9 8.046057860818794E-9 9.605365894525126E-9 0.09240456343607728	
http://purl.org/ontology/service	2.224926216408058E-6 1.4835776793265199E-5 1.8946914593753845E-5 9.903851307290573E-6 1.00108030677674E-5 1.0061339099607784E-5 0.9999012590662354 1.08030184152435E-5 1.289661924369347E-5 9.057685027502955E-6	
http://lod.taxonconcept.org/ontology/sci_people.owl	0.9141262272914447 0.0073741782110582875 9.42574590299912E-5 0.006547069877956542 0.006655911950457659 0.05044214467437307 0.0011210560272873538 0.0011467966918270998 0.007839240670994944 0.0046531171455703605	
http://purl.org/vocab/vann/	0.9135741338720413 0.015500026539419735 1.075244768552748E-7 0.010870308484537477 5.6811696566032144E-8 5.709849051124633E-8 6.263152189282916E-8 0.02976922115377069 0.03028597448133029 5.140271463635456E-8	
http://data.ordnancesurvey.co.uk/ontology/admingeo/	0.4594122750918872 0.0014341896786359228 2.0853753918822254E-4 0.005522438168082756 0.0022126345636875244 0.01354266491284661 3.445154826957504E-8 0.45343743520834984 0.06383668458769445 3.9310579807903595E-4	
http://purl.org/muto/core	0.4924648523642333 6.853291523604757E-8 8.75240514826175E-8 4.5750203148181795E-8 3.6886792532632375E-5 1.767815621880635E-5 5.09815504981343E-8 0.3063384726461026 0.010321374851556526 0.1908204824006357	
http://purl.org/dsnotify/vocab/eventset/	8.077296028542027E-4 5.249470246484519E-4 4.676806003067221E-6 0.060606434854535235 2.4710400023808004E-6 2.4835141820638722E-6 2.724174868238385E-6 6.194936515971622E-4 0.9374268035564286 2.2357748804379425E-6	
http://www.w3.org/2000/10/swap/pim/contact	0.7498036140263642 2.7644557800502084E-6 1.7639160353822453E-7 1.3241595378388095E-5 1.8282081127789835E-5 0.2080573740110157 1.0274567151426777E-7 4.950500281865955E-5 2.9799767720076958E-5 0.04202513992251991	
http://swrc.ontoware.org/ontology-07	0.7420589904371899 0.00358750446925657 5.957617263032194E-6 0.0030219902012821893 8.84591448416299E-4 0.0024103182364022995 1.3469752761081975E-6 2.7075738447893057E-4 0.004877149144800413 0.2428813940856342	
http://www.w3.org/ns/auth/acl	1.0513600523257666E-4 0.0010864192163258237 1.4734423405917258E-6 0.9815512479731092 7.785088717419304E-7 7.82438901017709E-7 8.582598019686622E-7 0.01683616163412179 1.0029297778337198E-6 4.161395915169058E-4	
http://linkedscience.org/teach/ns#	0.21454249560760053 0.1964792371339725 1.3784075045948184E-6 7.205153587835867E-7 0.00370399865670672 7.319727574929091E-7 8.029033232821096E-7 2.6145992551591306E-5 0.5826397826787518 0.0026047061314726787	
http://purl.org/net/opmv/ns#	0.9337115445693877 1.2315611713725287E-9 1.5728387300603973E-9 8.221476291449146E-10 0.03621046324883924 0.03007798491978791 9.161568252804278E-10 8.967901175134953E-10 1.0705860383204748E-9 7.519048943536873E-10	
http://purl.org/vvo/ns#	0.9322375082900178 0.0011052093867579748 1.8779452390739063E-6 0.0015835851061440174 5.65448098676591E-4 0.0014947147126460074 4.2324043784098473E-7 0.008141533364190838 0.003079026327111927 0.05179067352877799	
http://purl.org/ontology/daia	0.7296151588153025 0.11307319800815914 3.798831343739265E-9 8.14339302865152E-6 4.034377105894047E-7 2.0172851966187527E-9 2.2127667618677606E-9 0.08590883361018413 0.07139425289067795 1.8160538811706798E-9	
http://www.w3.org/ns/ldp#	6.873078212201691E-7 4.582958908340598E-6 5.852941321038956E-6 3.0594248085636226E-6 3.092463558759871E-6 3.1080747775414995E-6 3.4092574380017793E-6 3.337188889602534E-6 0.9999700723491238 2.7980333530349506E-6	
http://guava.iis.sinica.edu.tw/r4r	0.9497480111097047 2.452491590075066E-9 3.1321008226644343E-9 0.0013560153199190363 1.654878654196422E-9 0.012044466322294634 1.8244054468573997E-9 0.0045330113137798745 0.03031623488262616 0.002002251987799049	
http://reegle.info/schema	0.3457618975380161 6.583038684841903E-4 2.4410027895990877E-4 4.454967233259323E-4 2.91316616995995E-8 0.01341712384216834 5.88223042889734E-6 2.5407257054092656E-4 2.4840197491325406E-4 0.6389646918415004	
http://purl.org/net/p-plan#	0.001579885427090036 6.838564407657247E-7 8.733597005489174E-7 0.0011782489991816688 9.633751375187322E-4 4.63778313860738E-7 5.087199566557189E-7 0.7136253659543748 0.04043678641799475 0.2422138083494283	
http://purl.org/essglobal/vocab/	0.19325363967775533 5.848539562160458E-7 7.469226662452111E-7 3.9042826672033804E-7 3.946445043404363E-7 0.011060095077271693 0.0027480566925109713 4.2587510902011824E-7 5.084087534877275E-7 0.7929351574192061	
http://linkedgeodata.org/ontology	0.041200819106596565 5.327688413497666E-4 9.671064204969712E-4 3.1496400962821434E-4 4.395108929476129E-5 0.008708812330906228 3.204811815652595E-4 4.41007278296993E-5 7.561611801542975E-4 0.9471108351121785	
http://purl.org/vocab/frbr/core	0.8776766465786058 0.013704746200938311 4.473713639942835E-4 0.012012174176944385 0.014619040480490895 0.0033792037671720263 3.841237717437196E-5 0.005662670498033353 0.0687801656094948 0.0036795689471518112	
http://purl.org/ontology/ecpo	4.082059456473344E-9 2.7219115180747643E-8 3.4761796287019376E-8 1.8170539582970485E-8 1.8366763368739765E-8 1.8459481538513373E-8 2.024826596566432E-8 1.982023635444125E-8 0.9999998222536591 1.6618083129051647E-8	
http://www.w3.org/ns/rdfa#	0.015655502011084885 3.492330371867434E-7 4.460089027423403E-7 2.3313589305691832E-7 0.9821257413480475 2.3684314349598818E-7 2.59794022472691E-7 0.0017107331395540613 5.062852691101221E-4 2.132172043375393E-7	
http://www.eclap.eu/schema/eclap/	0.6942061807072765 0.06425060738362526 3.36869096969325E-4 0.001526137421712864 0.0027118850374611564 0.00889753752386733 3.979026885077905E-4 0.012118770232784189 0.017003087934929276 0.19855102197286675	
http://ns.inria.fr/ast/sql#	0.16672365216830828 1.4697223239363915E-4 4.034709710024038E-7 0.7645299608754412 3.9733085820642355E-5 9.784737072065613E-5 2.3501626506372936E-7 7.694389717271181E-5 0.06835087182280065 3.3380060106202095E-5	
http://rdfs.org/scot/ns#	1.327254851202536E-7 8.850116725222621E-7 1.1302570001839475E-6 0.9999940421641161 5.97183261096091E-7 6.001979315568922E-7 6.583590836421876E-7 6.44441981649632E-7 7.693333976233221E-7 5.403260703550913E-7	
http://purl.org/spar/scoro/	0.8801805549094637 0.027235564028948042 1.8146338700855764E-4 0.004367470634134842 9.044096179400511E-4 0.00512947319056376 1.6435317440563152E-5 2.787940348269186E-4 0.06021285654648828 0.02149297833318543	
http://purl.oclc.org/NET/ssnx/cf/cf-feature	0.7968226760565488 5.492711991186323E-4 1.8381521266730782E-4 0.07719368553038829 0.0018881019706224146 0.08063085968600141 9.831931778067878E-4 7.259409087872423E-5 0.009735909841126161 0.03193989323484162	
http://www.bbc.co.uk/ontologies/cms	0.6163732142237929 0.07422118823493043 0.0077124584232371295 1.234152738674074E-8 2.40183053957824E-6 0.025146210713979784 1.3752730226209625E-8 4.765246677899269E-5 3.0696660851838034E-5 0.2764661513516318	
http://www.w3.org/ns/dcat	0.5370962758588377 0.0014998185473619676 1.3553213344601295E-6 0.00627668625035992 8.87805298852871E-6 0.0078525543401362 7.894559482052836E-7 4.4402396973788734E-5 0.33699665485114305 0.11022258492491631	
http://www.opmw.org/ontology/	0.9442306445666335 0.004523417865409351 2.034604745311384E-4 0.01006827499464249 0.002854878664034678 0.008298808339765635 1.7484828142912997E-5 2.7209912951201958E-5 0.013203569221193224 0.016572251132695753	
http://purl.org/ontology/ao/core#	0.9063997192429438 0.003015835980716657 2.717321664644482E-4 8.02433012324376E-4 0.007333020339707926 0.004477781240077101 2.3414277807139685E-5 0.020266680653533375 0.037375176468607905 0.020034206617817074	
http://sw-portal.deri.org/ontologies/swportal	0.03545701833441236 3.251061242161593E-4 0.010599949660223665 9.212371501977165E-6 0.013861109524582893 4.256475816905259E-5 3.893220444169248E-6 0.016173037050441007 0.0010652334763170948 0.9224628754796916	
http://purl.org/lobid/lv	0.13854638097342098 1.8344809732664828E-6 2.3428334632349684E-6 1.2246360294078176E-6 1.2378608825709606E-6 1.2441097895319804E-6 1.3646681168359046E-6 0.8614416557325918 1.5946992834752024E-6 1.120005448743195E-6	
http://purl.org/swan/2.0/discourse-relationships/	1.2960481773620165E-6 8.642031061912128E-6 0.9999470901599428 5.7691209447838326E-6 5.831421722764431E-6 5.860859612198615E-6 6.428796170012856E-6 6.292897366137544E-6 7.5124468135869715E-6 5.276218188469325E-6	
http://ns.inria.fr/nicetag/2010/09/09/voc	0.2556396870535781 1.8097716575321087E-6 9.612663651925075E-5 1.2081409451026114E-6 0.002085150481214001 9.985841526183366E-4 1.346286887560199E-6 0.08772441658048902 0.0058999641628787475 0.6475517067332124	
http://rdvocab.info/ElementsGr3	0.8488161533176433 7.375478229109659E-10 9.419294860142994E-10 4.923614093090186E-10 0.07902396853398543 0.0180128708267209 5.486609091268677E-10 0.01807302053582111 0.03607398361503501 4.5029498392566173E-10	
https://raw.githubusercontent.com/airs-linked-data/lov/latest/src/airs_vocabulary.ttl#	0.8571704700447453 4.340111134601699E-4 2.4337643916186495E-8 4.213029286684346E-4 1.5723677240197636E-5 0.05251149226888598 3.682963912162578E-4 0.001077268132686681 0.002456844356014349 0.08554456674943854	
http://purl.org/linked-data/sdmx/2009/code	0.8524136866346395 1.1996021352301688E-9 2.2995673255697647E-6 0.022687590325873988 8.094608663102869E-10 0.054311513371043334 8.92382538000344E-10 8.735183966733653E-10 0.0705804379967791 4.468329374820825E-6	
http://purl.org/spar/fabio/	0.9030117099325551 0.005747515345679136 1.8701047256266235E-5 3.8557659839194856E-4 0.0010534490510070626 0.00825535330755431 1.8218304980464726E-6 0.014169845208549955 0.003377134606611764 0.06397889307189635	
http://rdf.myexperiment.org/ontologies/base/	0.839605852017971 0.012684569371551296 2.607104927362983E-9 0.0057566803720256274 0.008022004149416992 0.02831286891349947 0.0034452715686254442 0.001819116191423829 3.511708915622127E-4 0.10000246391681951	
http://dati.camera.it/ocd/	0.7808189990870852 0.004972364718388846 3.0445152120784188E-9 0.006413563628855532 0.007728598353240185 0.016998212297652162 0.0019318487558469563 0.06933916033681492 0.0757894077830272 0.03600784199457381	
http://www.wsmo.org/ns/wsmo-lite#	0.1192600819853611 6.196388906531493E-7 7.913468437664257E-7 4.1364948548087626E-7 4.1811648920698696E-7 1.5203523426773316E-4 4.609486009114839E-7 4.512045739031204E-7 0.11596623032645247 0.7646184975490347	
http://data.press.net/ontology/stuff/	0.8036623654485376 3.296721056930063E-5 2.0402536122983856E-5 7.71553685518433E-6 2.293107025104287E-9 0.0890817608989796 4.552953802461421E-6 4.456708570929554E-6 4.25425908740419E-5 0.10714323382258104	
http://purl.org/ontology/po/	0.7224591637549423 0.09331260647486778 0.00172272521919342 4.160179949509751E-4 0.005807425601190621 0.0016794364195301683 1.2362053319761163E-5 0.005035907624961643 0.020535093924860418 0.14901926093218265	
http://salt.semanticauthoring.org/ontologies/sao	0.0042584134603508485 2.75445438616235E-6 3.5177404415183713E-6 1.8387784511324037E-6 0.9186114040867741 1.8680181024401867E-6 2.049035195705211E-6 0.05955996578725134 0.017556506962340283 1.6816767062583687E-6	
http://www.ontologydesignpatterns.org/ont/dul/ontopic.owl	0.8098650295968991 0.023564875241098553 4.508756383353641E-4 0.002310979123776813 0.13928659362001922 0.005418944265822475 3.492919152506963E-6 1.6184975710411938E-4 0.011116868230042952 0.007820491607748952	
http://mex.aksw.org/mex-perf	0.9276792504544173 0.0026751813177782278 2.795639382222256E-4 0.003605368864764949 0.0013344389168283152 0.0026678212458440083 2.51915077133499E-5 0.03883025379675992 0.011333847757829703 0.011569082199841738	
http://www.ontologydesignpatterns.org/ont/dul/IOLite.owl	0.8619703156723453 0.0027818293291715225 5.440084203547158E-5 0.0034398841963708855 0.10845436849697918 0.008079427685559094 4.830656836411823E-6 2.4056558002167832E-4 0.011392345379765072 0.0035820321609157436	
http://www.aktors.org/ontology/support	3.582755808156273E-5 6.028220590084481E-7 7.698699047864371E-7 4.0242315049419287E-7 4.067689209491977E-7 0.0323795095600752 4.484385807443862E-7 4.3895900398957005E-7 0.9675812255593439 3.6804087943733467E-7	
http://securitytoolbox.appspot.com/securityAlgorithms#	0.03536960552627519 8.426924725809843E-7 1.076210739031827E-6 5.625523396930441E-7 5.686273463973792E-7 0.9634076946685554 6.268778833836571E-7 6.13626264841899E-7 0.0012178947291889618 5.1448893428696E-7	
http://contextus.net/ontology/ontomedia/ext/common/trait#	0.8362047128140803 4.504115254731359E-7 5.752249325465666E-7 3.0067915132026475E-7 0.003514619485849076 0.1137501658959344 0.023487613888851885 3.2797770362338346E-7 3.9153904968664087E-7 0.02304084208292175	
http://purl.org/spar/biro	0.8191951019752566 0.004021863046959696 3.597507682906126E-4 0.003851372742098768 0.003804719821174932 0.004155601839863106 3.1145014379998725E-5 0.08555903199346197 0.07057282532002761 0.008448587478486968	
http://ontologi.es/doap-bugs#	0.0796855532953561 1.2031825422465964E-4 2.6062852768800635E-7 4.765272008018604E-5 6.141407881231323E-6 1.3840100366341556E-7 1.518125157656735E-7 1.6345631497414924E-5 0.8224667478169514 0.09765669003196191	
http://kmi.open.ac.uk/projects/smartproducts/ontologies/food.owl	0.8738109434544432 5.463386108349198E-4 2.2386061901784407E-5 0.025284499627690575 0.002742488552309267 0.0631529533534616 2.0175752402349536E-4 8.757643662219469E-4 0.012514774893263619 0.020848093555849597	
http://www.w3.org/1999/02/22-rdf-syntax-ns#	0.276804692393949 0.0023604307483918304 1.727255940865017E-7 0.7097632585718052 1.794029646068462E-5 9.172209885077612E-8 1.006102716690405E-7 8.066729751468256E-5 0.010972563061418097 8.257249589015513E-8	
