http://lod.geodan.nl/vocab/bag	7.819616317162745E-6 1.4296632242637999E-5 2.5099402826515022E-5 9.365176607450734E-6 0.006733836091740753 0.045448465574904444 1.6558473744308288E-5 1.80197495023968E-5 1.6138690651965597E-5 0.9477104005914623	
http://www.w3.org/ns/auth/cert#	1.3535192039694788E-5 0.9997809064715675 4.344525659051827E-5 1.6210445465116653E-5 2.3265039432670327E-5 2.8085689757939827E-5 2.8661524162195302E-5 3.119088713941297E-5 2.793490989630037E-5 6.7645839488229275E-6	
http://purl.org/dc/dcam/	2.3830630166336816E-6 4.356962564143439E-6 7.649155174554837E-6 2.854079421834918E-6 6.040678177976887E-4 0.9990373194544802 5.046268869401316E-6 5.491599186767525E-6 4.91833809610054E-6 3.259132613926245E-4	
http://purl.org/rss/1.0	2.4714681607892095E-7 4.5185940027058316E-7 7.932917987856246E-7 0.011701065416333483 0.9882952029756348 5.128326794845911E-7 5.233471693553719E-7 5.695322552185011E-7 5.100795037170272E-7 1.235184089111646E-7	
http://data.lirmm.fr/ontologies/oan	1.961076068162084E-8 3.585442329800219E-8 6.294661555222945E-8 2.348686044694176E-8 3.370806407655947E-8 4.069256932638447E-8 4.152687966797254E-8 4.5191602848677856E-8 4.047410860757475E-8 0.9999996565081155	
http://data.lirmm.fr/ontologies/vdpp	1.0243603543170009E-6 1.8728416683904833E-6 3.2879916519795343E-6 1.2268268977333074E-6 1.8574674099786418E-4 0.9991328372884846 2.169140190988654E-6 2.3605655618249455E-6 3.408528896790536E-4 3.2862135451348494E-4	
http://purl.org/ctic/sector-publico/elecciones	4.625970779656965E-5 8.457678781091603E-5 1.4848440045256176E-4 5.540301668933201E-5 7.951375369294491E-5 9.598946196382912E-5 0.9992645769702715 1.0660220562467635E-4 9.547413626171918E-5 2.3119559435890374E-5	
http://www.w3.org/2003/g/data-view	6.804668504962264E-7 1.2440999558377963E-6 2.184162355026108E-6 8.149622656582198E-7 1.1696241961688987E-6 1.4119770741007078E-6 1.4409265136300438E-6 0.015996060051188015 1.4043967828667777E-6 0.9839935893328183	
http://www.w3.org/2004/03/trix/swp-1	0.9617780394766623 3.2949844541891703E-6 0.038197080208375436 2.1584182070694673E-6 3.097736259483068E-6 3.739605075140698E-6 3.816277333474165E-6 4.153061607173627E-6 3.719528760808538E-6 9.007032650526978E-7	
http://www.w3.org/ns/regorg	1.3279569020128212E-4 1.2557594948181283E-6 2.204632033526057E-6 0.040884422345999975 0.8602329135868063 0.006554009727764378 5.991595216849382E-5 0.0023243034045578393 9.56469530430164E-4 0.0888517093705433	
http://www.w3.org/ns/radion#	0.004683047649766129 2.710759836584396E-6 4.759054576605336E-6 1.7757150200929295E-6 0.07360410756715895 3.076545999933445E-6 3.1396237113339784E-6 3.4166936931292053E-6 0.9216932253881873 7.410020500949863E-7	
http://semweb.mmlab.be/ns/oh	4.774100496350383E-7 8.72850486742065E-7 1.5323906779052987E-6 5.717709472766324E-7 0.10097886563470021 0.8963796298634582 0.002635726009953859 1.1001574956393307E-6 9.853134466826382E-7 2.3859878377024937E-7	
http://vocab.deri.ie/c4n	7.710461270846781E-6 1.4097063684372253E-5 0.9998858430928084 9.234446883014026E-6 1.3253168849340739E-5 1.599930185759642E-5 1.6327331844863086E-5 1.776820946363312E-5 1.5913408559578545E-5 3.853514778203849E-6	
http://www.w3.org/ns/hydra/core	2.172963546478485E-4 1.8413354738510623E-7 3.2326788583890933E-7 0.0016948838532900774 0.9971432291461341 2.0898027225274125E-7 1.3723710189147447E-4 2.3208545499069816E-7 6.804095047451956E-4 1.2599557213133016E-4	
http://labs.mondeca.com/vocab/endpointStatus	4.2511241735375275E-5 7.772345401840196E-5 1.3645257486990004E-4 5.091366001935437E-5 7.307068214508971E-5 8.82113488381253E-5 9.001992573064808E-5 0.9993321131716234 8.773778044484478E-5 2.1246160574913832E-5	
http://purl.org/ctic/dcat#	3.0528205071832808E-6 5.581482559213222E-6 9.798942628254319E-6 3.656215604577434E-6 0.7908429615975185 0.09801367872743004 6.464517715956395E-6 7.035007676077741E-6 6.3006321260637224E-6 0.11110147005623404	
http://purl.org/cld/cdtype/	2.494538604051426E-6 4.560773775934686E-6 8.006969491835251E-6 2.987588346217194E-6 6.93587665748086E-4 5.176198248028146E-6 5.2823246440736235E-6 5.748486747413104E-6 0.9992709087402176 1.2467141767325783E-6	
http://vocab.deri.ie/csp	7.805277205939443E-7 1.4270415994738996E-6 2.505337715029636E-6 9.348003346825993E-7 0.0906440810858092 1.6196046087697606E-6 1.6528109876430698E-6 1.7986706040690911E-6 0.9093448100304556 3.9009016457665286E-7	
http://purl.org/ctic/empleo/oferta	4.097762306583072E-5 2.072287370637564E-5 3.63814180886662E-5 1.3574761438942547E-5 1.9482336919469616E-5 2.3519189471542483E-5 2.4001397976109786E-5 5.042930749424711E-4 2.3392925165237215E-5 0.9992936543992254	
http://data.press.net/ontology/classification/	4.0334043244862633E-7 7.374287429740362E-7 1.2946420360842043E-6 4.830613459277126E-7 0.9999934270022302 8.369363522411352E-7 8.540958647881354E-7 9.294693322689502E-7 8.324432047172693E-7 2.0158045835268406E-7	
http://purl.org/ctic/infraestructuras/organizacion	4.375322961254936E-6 0.0018989649309356978 1.4043910729942869E-5 5.240112888512456E-6 7.52054798526223E-6 9.07884889406916E-6 9.264990434095388E-6 0.9969667195449002 9.030108500228331E-6 0.0010757616817706108	
http://purl.org/ontology/dso	1.058350723124853E-5 1.9349863802187243E-5 3.3970939307010104E-5 1.2675355199887559E-5 1.819151973232741E-5 0.9998312963009577 2.2411166929851597E-5 2.4388939486112947E-5 2.184300895212402E-5 5.2893984014998555E-6	
http://zbw.eu/namespaces/zbw-extensions	0.1440131921386752 3.66358616058905E-6 6.431852150468611E-6 2.3998750774467673E-6 3.4442723014879223E-6 0.8427054218080925 4.243194776263716E-6 4.617654268071246E-6 4.135623181677314E-6 0.01325244999531637	
http://purl.org/prog/	1.2472525434051818E-6 2.280356248121995E-6 4.0034309541009315E-6 1.493774102118588E-6 0.9270225516670746 2.588064349670595E-6 2.6411268347230084E-6 0.07295999680902349 2.574170157008048E-6 6.23348712785424E-7	
http://www.w3.org/2003/06/sw-vocab-status/ns	4.997184136537274E-7 9.136369477874859E-7 1.603996060087116E-6 5.984885968881325E-7 8.589437493601745E-7 1.0369218472148778E-6 1.058181616132665E-6 1.1515655334662962E-6 1.031355064486681E-6 0.9999912471921709	
http://www.w3.org/2004/03/trix/rdfg-1/	1.6622435497284844E-6 3.0390857766264354E-6 5.335468999782021E-6 1.9907887774027573E-6 2.8571564864185794E-6 3.4491757858253164E-6 0.9999735741480931 3.83052200557972E-6 3.430658660120405E-6 8.30751865400301E-7	
http://www.w3.org/2004/09/fresnel	1.6861228755732903E-5 3.0827444327495E-5 5.412116854906179E-5 2.0193878920821606E-5 2.8982015972508246E-5 3.498725680303289E-5 3.5704592440909186E-5 3.885550213174136E-5 3.479942542750421E-5 0.9997046674866712	
http://inference-web.org/2.0/ds.owl	8.350264065349519E-6 1.526681740243404E-5 2.6802675858145757E-5 1.0000707773757157E-5 0.002025577931862109 1.7326900515965517E-5 1.768214995161038E-5 1.9242589486930223E-5 1.723387991775502E-5 0.9978425160831659	
http://purl.org/ontology/olo/core#	7.346829545530276E-9 1.3432234511463126E-8 2.358185194537964E-8 8.798942736834037E-9 0.9652149973880493 0.033202920756531515 1.555732138245263E-8 1.6930246022006706E-8 1.5162919061360693E-8 0.0015819810450739646	
http://ontologi.es/doap-deps#	1.67905809282943E-4 9.27010752195789E-6 4.5183248527914217E-4 6.072492643006804E-6 0.999068816762652 1.0521002941953008E-5 1.0736712633025734E-5 2.6184606870630506E-4 1.0464520249821598E-5 2.534038089861557E-6	
http://data.press.net/ontology/identifier/	3.8563518916059615E-7 7.050581838840927E-7 0.001477734139275271 4.618566315856094E-7 0.5044275874825849 8.034171167756961E-5 8.166040244943891E-7 8.886688586921267E-7 7.959018409528914E-7 0.49401028294173355	
http://purl.org/vocab/changeset/schema	1.602025593709388E-7 0.0037015964340576207 5.142181417091381E-7 2.5799038352621403E-4 0.9955573695986335 3.324222787327057E-7 3.392378558641587E-7 4.4376733268997216E-4 3.785010462836394E-5 8.006562880695124E-8	
http://data.press.net/ontology/tag/	1.9046541432062285E-6 3.4822859243196667E-6 6.1135584722486325E-6 2.281112231566777E-6 0.9989771989329244 3.952180745229462E-6 4.0332113933835026E-6 4.389139972756559E-6 9.95693020975901E-4 9.519032169921448E-7	
http://www.w3.org/ns/adms	5.252322369846436E-6 1.7858225016965994E-7 3.1352193709689385E-7 5.979386201261033E-5 0.9997315052990988 1.249888046389441E-4 2.068353896531493E-7 2.250884935008895E-7 2.015917904654917E-7 7.733409201891805E-5	
http://vocab.deri.ie/ppo	0.004619938164367848 5.470686355826974E-6 0.9953387528699948 3.5836372522398356E-6 5.143193761402666E-6 6.208893166322354E-6 6.336192667539139E-6 6.895358016147173E-6 6.175560317436646E-6 1.4954441003531695E-6	
http://open-multinet.info/ontology/omn-lifecycle	0.9983347786303598 1.7892942025983212E-4 3.14131434620133E-4 1.1720981505032417E-4 1.6821813903324247E-4 2.0307390744892287E-4 2.0723748482670917E-4 2.2552607334161377E-4 2.019836919003061E-4 4.891140315916181E-5	
http://purl.org/reco#	3.1331988488868757E-6 0.08879042730278039 0.9111689126931701 3.752480860433531E-6 5.3855161091156685E-6 6.501426101801751E-6 6.634723338166889E-6 7.22023384628482E-6 6.466522770726834E-6 1.565902174087555E-6	
http://rdf.insee.fr/def/demo	2.794846605475313E-6 5.1098279598919774E-6 8.97089805227115E-6 1.8894088372808755E-4 0.9993427537696116 5.799341040171967E-6 5.918243588826577E-6 3.437062926987713E-4 9.460909536683109E-5 1.3968013480248241E-6	
http://www.holygoat.co.uk/owl/redwood/0.1/tags/	3.837349921139874E-6 7.01584046885288E-6 1.2317124977806093E-5 4.595808574032638E-6 0.9999374650036433 7.962548227000969E-6 8.125802512516758E-6 8.842899897813936E-6 7.919800766272313E-6 1.9178210110674617E-6	
http://purl.org/wai#	1.1990628787580674E-5 2.192250913357204E-5 3.848751778551376E-5 1.4360596693677747E-5 2.0610158374366655E-5 2.488070203532974E-5 2.539082531723781E-5 2.763155100771355E-5 0.9998087328648209 5.992646044096422E-6	
http://purl.org/net/ns/ontology-annot	2.8765194123675197E-7 5.259150642361587E-7 9.23305141082666E-7 3.445068302450518E-7 0.9862174821793257 5.968813117798016E-7 6.091190313281629E-7 6.628734345427801E-7 5.936769154348661E-7 0.01377797389100462	
http://www.w3.org/ns/locn	0.9991692890700525 1.0168835960234182E-5 1.785257574727783E-5 2.0795682949932814E-4 9.560097265619532E-6 3.327656845968264E-4 1.1777627094270579E-5 2.064757327654952E-4 1.1479045908683266E-5 2.2674501109730964E-5	
http://rdaregistry.info/Elements/m	0.044713184903908444 2.3981450290026218E-4 2.164870308951684E-8 0.027600045802125387 0.001066663309261812 5.050375952166778E-4 7.138797412014298E-4 8.929596592867005E-5 0.09310786639505458 0.8319641901356997	
http://purl.org/ctic/infraestructuras/localizacion	3.9879258096076827E-7 0.9724775348770989 1.2800443433254972E-6 0.002939166682142483 0.011960246084441704 8.274995045349061E-7 8.444655355749963E-7 0.012504217597760381 4.24353349746715E-5 7.304862161745393E-5	
http://ns.nature.com/terms/	0.16954258077488435 0.0053051589854153074 3.329252518771939E-5 0.01002847203635111 2.1914146332147153E-4 0.015461796317386733 8.357777061043156E-4 0.00504982881406596 0.005067321587081622 0.7884566297902015	
http://purl.org/uco/ns#	0.022591341142316767 4.6326763942130953E-4 5.558369891090764E-8 0.0016679136032099714 0.0029961565155995056 0.005394039085060131 5.283768070520882E-4 0.002382478297898129 0.04333979177827828 0.9206365795474647	
http://contextus.net/ontology/ontomedia/ext/common/being#	0.010918168884092564 5.199354747737838E-4 3.878509712607387E-8 0.00979499417763596 1.4224470806270182E-4 0.00293318881621723 3.122998232621911E-4 0.006749304505238271 0.03781538632474615 0.9308144385008739	
http://salt.semanticauthoring.org/ontologies/sro	9.665892327097437E-6 1.767218521887644E-5 3.1025579178745025E-5 1.1576372169717347E-5 1.661427229716191E-5 2.005684532117147E-5 2.0468066184048657E-5 2.227436122014656E-5 1.9949168835797087E-5 0.9998306972572473	
http://def.seegrid.csiro.au/isotc211/iso19103/2005/basic	0.8754554629465813 1.801026484459029E-9 3.161911733299104E-9 0.04116822774825448 5.531234633834898E-4 0.024415133012525302 2.085963270900778E-9 0.0017036800274548578 0.0017369830726370783 0.054967382680261925	
http://www.w3.org/TR/2003/PR-owl-guide-20031215/food	1.0209132449224392E-4 0.9812874597189692 2.3401979045382837E-7 0.005656521853239112 2.1010805699114048E-5 6.636084485517295E-4 1.5438656380241395E-7 0.005674807235240571 0.0065803116859057395 1.3800521545091233E-5	
http://www.w3.org/2006/time-entry	0.03333143052612468 1.316250485322463E-8 7.960986239161654E-5 8.160859212060172E-4 1.2374555666754867E-8 0.8581139473709465 2.3535939714078346E-5 2.869744815841786E-4 1.1923920036363587E-4 0.1072291511606089	
http://www.w3.org/2006/time	0.003020896024294317 5.706169187789094E-9 1.0017844525190036E-8 5.7631986740425484E-5 2.23435398840062E-6 0.9856307562750376 6.60893076586212E-9 6.348119798327784E-5 2.6665095498817716E-5 0.011198312733512772	
http://www.essepuntato.it/2012/04/tvc	0.007526544845324032 2.1240549936902707E-6 1.8615014835338783E-8 0.0011533772715932016 8.869294631368638E-4 0.9454924996137731 1.2280620241500163E-8 1.0783424231880751E-4 5.980333456176162E-4 0.04423262626760735	
http://owlrep.eu01.aws.af.cm/fridge	0.18566863012334786 0.006240890015097062 3.9607834861213277E-4 0.027148161932292268 2.5816059340669668E-5 0.03542144663149149 4.4180114609505053E-5 0.007657234773713849 8.294429552924321E-4 0.7365681190462029	
http://securitytoolbox.appspot.com/stac	0.010277913635286235 3.971476551256267E-5 0.8993234892763783 1.9712076393743703E-4 3.461187276801744E-6 3.556625794688167E-5 4.096991614423757E-6 5.682933849906409E-6 0.0012010163938850568 0.08891193779431418	
http://contextus.net/ontology/ontomedia/core/space#	0.012071325885578962 1.2025765972392827E-7 2.111263263373903E-7 1.0415357181347884E-4 1.1305865571953383E-7 0.019963188609957275 1.392833827782087E-7 0.9486408025826365 0.014333932944951179 0.004886012679037639	
http://spinrdf.org/sp	0.25255677307950103 0.01758508734666864 0.023563102355879613 0.002524696839812712 1.4792382401997714E-4 6.653855215751031E-4 1.795972631250216E-5 0.001253301122061911 1.7825303343056744E-8 0.7016857523588652	
http://purl.org/net/cartCoord#	7.338265657389637E-4 4.136069513052805E-7 7.261351699106496E-7 0.015690459707030865 0.9821511514424168 2.3655597233151966E-4 4.790428771907872E-7 2.040110159180991E-4 3.4743841579272923E-4 6.349380957729092E-4	
http://www.ontotext.com/proton/protontop	0.07628754762047195 1.5487076632904205E-5 1.9809560035888907E-6 0.019526708045267967 5.827983008969319E-4 0.030934070800484402 8.751033381860902E-5 0.003747097624681078 0.01086534346137675 0.8579514557803658	
http://www.w3.org/2006/gen/ont	0.21846029628352207 1.9292074793834913E-10 3.386948397298716E-10 0.0012948889091890633 1.813719015685855E-10 0.13251249451531324 2.2344235238438436E-10 0.007628252955062692 0.0031463659062375172 0.6369577004942455	
http://commontag.org/ns#	5.356579847957171E-5 1.9170580187303837E-4 1.6662149322885943E-6 0.05737939184903927 0.27476665527646654 1.8599902111353549E-4 1.0992283919810647E-6 2.0446073403477231E-4 0.652753323681083 0.014462132394585839	
http://purl.org/spar/doco	0.007948299804900897 0.02555624931895308 2.6592778586269776E-5 0.012494218176439354 0.06696296547633726 0.0041592447024988675 7.090866974884357E-6 1.4339113839700537E-4 0.0031476669644399436 0.8795542807724723	
http://www.linkedmodel.org/schema/vaem	0.2673612986695767 0.0449229100516579 3.8589079395833765E-5 0.010530305271255286 2.5896225152534543E-5 0.003515006037698422 9.932856469904323E-6 3.653376168710038E-6 0.002443929094341892 0.6711484793382829	
http://purl.org/biotop/biotop.owl	0.006375580919311737 9.926115379655872E-4 2.4003574253576925E-5 0.0017428864552096854 9.581642651235449E-5 4.2759979352337556E-4 4.5188261681953015E-4 0.8962857875892425 0.025911071227814764 0.06769275985934778	
http://purl.org/wf4ever/wfdesc	0.1394740957582051 0.0013755429441526202 2.2181643204325388E-4 0.034598464347554474 3.2168591259919667E-4 0.7693006406422483 8.244729060676E-5 6.911052451887444E-7 6.189616430887931E-7 0.05462399660570216	
http://resource.geosciml.org/ontology/timescale/thors	0.9545140361456653 5.050886133275223E-9 0.004019526052610573 0.008829402256675951 1.1974758504422352E-4 0.019495810194468475 5.849976694084446E-9 3.6768554398936774E-4 3.7482958055482706E-4 0.012278951740128519	
http://code-research.eu/ontology/visual-analytics	0.19891411726004285 0.008668570680226499 7.978914752448662E-5 0.002312300175173447 3.933016231624379E-6 2.3552755478641155E-4 2.137139850167997E-5 6.055239148989333E-7 3.489233790784881E-4 0.7894148618645198	
http://def.seegrid.csiro.au/isotc211/iso19156/2011/sampling	0.7807598681621495 7.167159150114018E-4 1.9173686343547066E-4 0.006974562104057039 2.241022488085945E-4 0.003944562052190973 8.068341402156761E-7 4.5243073683758636E-4 0.0014866231010032896 0.2052485919823658	
http://purl.org/linked-data/api/vocab#	0.7253941653125563 2.3688424898320583E-5 5.89537104063862E-9 0.0019897056807688593 2.2270360834107987E-5 3.811130950748148E-9 3.889269687573839E-9 4.232495494425372E-9 3.790670645076602E-9 0.2725701486020045	
http://reference.data.gov.uk/def/payment#	0.004729277342893154 0.0025357385603257464 3.0178766360711634E-6 9.456514403710588E-5 0.16438983580586294 1.8590048145835408E-4 1.9909410350255797E-6 2.16664043312177E-6 5.365083829578594E-4 0.8275209988243606	
http://data.archiveshub.ac.uk/def/	0.013854391904028152 4.1125165560086506E-7 7.220001740138975E-7 0.008992017862634755 3.866328303029084E-7 0.00862876012768571 5.0527377956584804E-5 0.012783091608199664 1.0844279639679542E-4 0.9555812484384386	
http://purl.org/dc/elements/1.1/	6.577212960763168E-9 1.2025141780314568E-8 2.111153679185491E-8 7.877210142288754E-9 0.895692374736655 0.09956615693420354 1.39276153335663E-8 1.5156719354214218E-8 1.3574528598401858E-8 0.0047413780791765465	
http://purl.org/spar/deo	0.024810518494207703 1.062331468504656E-6 1.32942819334661E-4 0.01131915512302631 1.5090764278501061E-5 0.0018313962278724456 3.628583984649168E-5 3.651876732104044E-5 0.005028863574681045 0.9567881660579632	
http://simile.mit.edu/2003/10/ontologies/vraCore3#	0.1671347029258512 1.5133410366933325E-4 6.19069051498757E-7 7.230074572881854E-4 3.31512966545759E-7 0.07219451690420628 4.084096624134425E-7 0.008480051611586865 0.01944879313222636 0.7318662348734915	
http://schema.theodi.org/odrs	7.294815324273864E-5 8.558068342091621E-7 0.029333010441925426 0.03709285902330492 0.6757661622933028 9.712882185164137E-7 9.912023163181831E-7 1.0786753490724738E-6 9.660737942148516E-7 0.257730157041712	
http://purl.org/ontology/cco/core#	0.10732123956691274 0.021840971582407897 6.586207020357139E-9 0.004242362275660137 0.006493212582163753 0.016260600407593456 8.943924245982127E-5 0.00335680311795786 0.0060633377707176314 0.8343320268679197	
http://purl.org/archival/vocab/arch	2.9834478656593465E-4 6.4768419648379965E-6 1.1501263138534958E-8 0.010655633508901197 7.152363565023496E-5 0.0014443756314551767 1.662459065802191E-5 0.0047504151293749864 0.0013028996730521133 0.9814536947011143	
http://www.w3.org/2002/12/cal/ical	0.16218631726620625 0.015372444109556986 4.4924798590808917E-7 0.004029659069072556 4.1772203341396645E-4 2.904215683547744E-7 2.963760146310754E-7 3.225310269919305E-7 2.8886242117800726E-7 0.817992210082733	
http://purl.org/ontology/similarity/	5.440744634709602E-5 2.721588769132943E-5 1.468024694940287E-6 7.718226989665881E-5 0.39068224063834145 1.7017137897334332E-4 6.8716833748006E-5 1.3694312599088463E-4 0.216519427636612 0.3922622267577043	
http://semanticscience.org/ontology/sio.owl	0.06312610906486475 0.009007041585407558 2.3921537520326418E-6 0.009122880172050896 3.977336207057054E-5 0.004691850909514417 3.009091227775219E-4 0.0543092047734642 0.009994836184103711 0.8494050026719936	
http://www.sensormeasurement.appspot.com/ont/transport/traffic	0.8494450966000038 7.589852051731131E-5 4.2660671414871556E-7 0.02150755702345397 7.341187763686947E-5 0.025623048982525327 1.9457998406138653E-4 3.900289478496743E-4 0.04548837659823982 0.05720157485899776	
http://online-presence.net/opo/ns#	0.06797173368655647 1.4803521463518434E-6 2.4894525048882258E-9 0.0014533228346442473 1.2103769993317373E-6 0.05223404494720869 3.7998415162046896E-6 0.013895998168231746 0.0020790620831409503 0.8623593452201035	
http://www.bbc.co.uk/ontologies/provenance	5.751199196369517E-5 5.1795172088364055E-9 9.093245644504576E-9 2.5450169063164545E-5 0.003443196443956488 0.06999393238118591 5.998958234018707E-9 6.52836283836337E-9 0.013933694378852482 0.9125461878348943	
http://lod.xdams.org/reload/oad	0.225841560767245 0.004378467743142295 2.5687630722640394E-4 0.026801747403232 0.006460057985561116 0.036246835501665534 6.69732655884006E-7 0.001977308944333058 0.004561385648268402 0.6934750899666705	
http://data.press.net/ontology/event/	6.579511428382956E-4 5.071888222493727E-7 8.904290424969185E-7 3.953649108204761E-5 0.9920113141770248 5.756281767360035E-7 5.87430148169863E-7 0.005006293468270606 5.725378792360288E-7 0.0022817715067156123	
http://purl.org/spar/datacite	0.04201116185056111 8.43082277655288E-5 1.2468446273487552E-5 0.001380926587355858 0.04019451502838386 0.029107477137744434 5.315317436740923E-6 2.217484954237791E-5 4.692618659356479E-4 0.8867123906890011	
http://def.seegrid.csiro.au/isotc211/iso19115/2003/lineage	0.635700079520585 0.002740716782070705 5.074355079318208E-6 0.0014298872735490785 0.0010476797510177815 0.0037066301508953963 5.291413002089101E-9 0.0039676590494092355 0.0027012272295258454 0.34870104059645446	
http://purl.org/spar/pwo	0.05635629576536428 0.0040153006995399905 0.02331346643096997 0.001312697771890124 0.0014812213897026068 0.24648251796213694 1.6585803030001652E-4 0.002595809221832398 0.017600551487401198 0.6466762812408625	
http://www.linklion.org/ontology	0.17736201619525302 3.7054682971775385E-9 0.15506158325628688 0.0014109447253840633 3.483647240865811E-9 0.06488431840675336 4.291703001647575E-9 4.282236018084647E-6 2.603814416591639E-6 0.6012742398850696	
http://archivi.ibc.regione.emilia-romagna.it/ontology/eac-cpf/	0.016151228285039166 5.4144852134512247E-5 6.704679809030491E-9 0.007944522026735146 8.610909250015184E-4 0.05942467060123543 3.061336813212257E-4 0.0016486852446942815 9.312361882287697E-4 0.9126782814909302	
http://purl.org/vocab/frbr/extended	3.2072157425337753E-6 5.863763915521821E-6 1.0294520422531919E-5 0.9999460623103006 5.512740454683042E-6 6.655012065393304E-6 6.791458239263946E-6 7.390800512009233E-6 6.619284198031769E-6 1.602894149468263E-6	
http://vocab.deri.ie/odapp	3.052691923058329E-5 5.581247468401587E-5 0.9995480349925856 3.656061605584357E-5 5.247136335964964E-5 6.33437324170528E-5 6.46424543189915E-5 7.034711363109479E-5 6.300366744831297E-5 1.5256666268835165E-5	
http://purl.org/openorg/	0.9919087168945024 0.0017998146995424544 1.5195098363437342E-5 2.591067847405367E-4 8.137011732733719E-6 4.814456731662304E-4 1.002444715646225E-5 1.0909098836573332E-5 8.508984434211537E-4 0.004655751848537922	
http://purl.org/acco/ns	0.029717143444684988 8.056451302341465E-4 8.380472089865235E-9 0.001621151818463208 0.0047724127039846095 0.00695398530029657 9.079047142996387E-7 6.278924840214536E-4 0.01472883517127948 0.9407720176618493	
http://www.w3.org/2000/10/swap/pim/doc	9.638615912548304E-5 1.4671470171335569E-6 2.5757474462363494E-6 0.04189171329384511 0.8849323424900837 0.02421181943575904 1.6992614029612593E-6 1.8492202417495433E-6 1.6561824805044809E-6 0.048858491062598104	
http://purl.oclc.org/NET/ssnx/cf/cf-property	0.5448671743109962 0.0017172036630424587 1.469114401890604E-5 0.07860823028471339 1.0103774131225934E-5 0.044249220480640845 4.7061586485872236E-4 0.02260997867752652 0.011112487391742315 0.29634029440833	
http://purl.org/dqm-vocabulary/v1/dqm	0.12823953946831754 0.10342546706587122 1.0704261634468136E-4 0.001953554685299665 3.2666426641781944E-9 0.01932098789287994 2.6637700495790218E-5 5.482318800065279E-4 0.001103119866452599 0.7452754155576894	
http://dati.cdec.it/lod/shoah/	0.02013552616781219 0.011598020057691371 8.32784448901395E-8 0.004177726086341557 0.00114779844487969 0.005478412136825155 0.001680766018096729 0.07855669919062823 0.014539219106144743 0.8626857495131354	
http://rdfs.org/sioc/ns#	9.50621129062389E-4 0.011881690494405676 2.0895615674831636E-6 7.796644903020797E-7 1.1189652468319855E-6 0.0019988645008572445 1.3785168751399234E-6 7.602709139184386E-4 1.3435693258893926E-6 0.9844018426842507	
http://sensormeasurement.appspot.com/ont/home/homeActivity#	3.97081086659928E-7 0.013988746048391199 1.2745507892750533E-6 0.9200962012800424 6.825250142013598E-7 8.239481328354939E-7 8.408413509226382E-7 0.0010224318342921793 0.06257592310954531 0.0023126787813556563	
http://purl.org/NET/c4dm/event.owl	0.003709062383748962 1.3205037953823507E-6 8.599389350470084E-9 2.4683040853268687E-4 2.777798403615311E-4 0.969332818398912 3.38441184009716E-6 1.8294765238499358E-4 7.182768354570576E-5 0.026174020117488688	
http://open-multinet.info/ontology/omn-federation	3.4555220735518646E-5 2.024224309280147E-5 3.5537615074353844E-5 7.525508742597247E-4 4.20961659334621E-5 9.954753855190965E-5 2.3444727757521988E-5 3.811353507160496E-4 1.8209974055161351E-4 0.998428790523327	
http://vocab.deri.ie/pdo	0.05417372294998204 1.9339444753543617E-4 1.4142228831324682E-9 0.0036402865102047456 1.3758733265970943E-4 0.09669724532636037 0.001098177808375307 0.030148736145012216 0.0029956802482812932 0.8109151678173661	
http://def.seegrid.csiro.au/isotc211/iso19150/-2/2012/basic	7.864347187150568E-9 1.4378413850861611E-8 2.5242979963687426E-8 9.418748608972272E-9 0.999999871839438 1.631861702436682E-8 1.6653193856678478E-8 1.8122828610055285E-8 1.623100946200009E-8 3.930423491159354E-9	
http://www.essepuntato.it/2013/10/vagueness	0.01532901847172874 0.006633929721415136 7.010893073129633E-8 0.01530158659972593 2.494741087923061E-4 0.0023795587662512356 4.6251972478378117E-8 7.190140909299422E-6 0.010003257054762871 0.9500958687755112	
http://id.loc.gov/vocabulary/relators	7.133594682521714E-9 1.3042376455249848E-8 2.2897410726497616E-8 0.15804393799415764 1.2261618534767197E-8 1.4802296600197476E-8 0.37779568958732473 1.6438861450086125E-8 0.4618728436324011 0.0022874422099581743	
http://purl.org/ontology/service	3.4384835779002997E-6 6.286591719045794E-6 0.9999490916772821 4.118105628555891E-6 5.9102564480676334E-6 7.134895664831393E-6 7.281180781201793E-6 7.923740785833102E-6 7.096591510992654E-6 1.7184766016722209E-6	
http://lod.taxonconcept.org/ontology/sci_people.owl	0.00795756868653142 0.009373387498957506 5.668692175933109E-5 0.002781391412120988 8.572240939139251E-5 0.004453067518037973 0.0019762062450365465 0.04938215079412503 0.0013412665983843686 0.9225925519156554	
http://purl.org/vocab/vann/	0.6336149050355026 5.413136937594645E-8 9.503392284692773E-8 0.024262498316950327 6.93874417302682E-6 0.008654859087026102 6.269538471318141E-8 6.822821625551462E-8 0.002159358704041979 0.33130116002341276	
http://data.ordnancesurvey.co.uk/ontology/admingeo/	0.9252122245639632 0.0026018540819772416 3.4401300607175516E-5 0.00356503802512075 5.216960411262418E-4 0.0045856671037023235 1.094461760528271E-8 4.963301844841523E-4 6.438552894081133E-4 0.062338922464993625	
http://purl.org/muto/core	7.757056988517481E-5 6.626340627188798E-5 1.4796359779991105E-5 2.1324646270621346E-8 0.19493863668185066 2.1740369088879514E-5 3.7703890719778154E-8 9.44707484594927E-6 0.18668423303585463 0.6181872534738859	
http://purl.org/dsnotify/vocab/eventset/	0.06283151022449798 3.509420518746382E-6 6.161196412743392E-6 0.0017597613188898745 3.692985920081913E-5 0.0013843476894120747 0.0029431334585610608 4.4233409360407845E-6 0.9282032862085675 0.002826937283003111	
http://www.w3.org/2000/10/swap/pim/contact	8.450813535214078E-5 8.33246525494693E-8 1.4628613118278186E-7 8.015991888605588E-6 0.0020963333160634442 2.7276228072016477E-5 9.650727864280655E-8 0.22759410872640307 0.03177512885243286 0.7384143026317255	
http://swrc.ontoware.org/ontology-07	0.024742041598588258 8.46905020359319E-4 3.839514393326476E-8 0.005581758545097395 2.9087875882096944E-4 0.0047354054057566165 2.0409441780280175E-6 0.00182671300522972 0.003122996911172047 0.9588512214156538	
http://www.w3.org/ns/auth/acl	3.906694615311014E-7 7.142623619116535E-7 1.2539707562716665E-6 5.181617556556636E-4 0.9988712477239451 8.106439319283822E-7 8.272643770599932E-7 9.002699812234503E-7 4.3882072748002314E-4 1.6687271204942592E-4	
http://linkedscience.org/teach/ns#	0.007086074748061302 0.0037965520392524254 6.797348540927541E-6 0.13125893204051406 0.10927189083437924 2.781201692970098E-4 4.484318536334225E-6 4.880057060903531E-6 8.023017724528769E-4 0.7474899666719049	
http://purl.org/net/opmv/ns#	0.1680982646831385 0.05195161781452781 1.6651291008127165E-9 6.212987699788211E-10 8.916806397536483E-10 1.0764420100708945E-9 1.098512051751445E-9 0.021097871101747784 1.0706630607646734E-9 0.7588522399768604	
http://purl.org/vvo/ns#	0.014847808856272628 6.812345379666453E-4 8.610426369509715E-9 0.0019136163727908283 0.005695362141574703 0.0032569191130051847 1.0077047399950514E-6 6.260451556610952E-4 0.017527253457143416 0.9554507440504193	
http://purl.org/ontology/daia	0.45712842151272376 1.969708817852321E-9 3.458053213593173E-9 0.07259765387544688 1.8703137740472337E-7 0.0205355158062727 2.28133249780803E-9 2.482658775015933E-9 3.7821686806649707E-6 0.4497344294137454	
http://www.w3.org/ns/ldp#	7.970530801581896E-6 1.4572549729675366E-5 2.558380810717801E-5 9.545919593024807E-6 1.3700190795541734E-5 1.65389493287441E-5 1.687804358335597E-5 1.836752119543342E-5 1.645015889799653E-5 0.9998603923279674	
http://guava.iis.sinica.edu.tw/r4r	0.4079429648389443 1.8962916489283585E-9 3.3291608236980818E-9 4.3238047140396567E-4 0.00500975705865668 0.04418081805613976 2.1963001458962796E-9 0.0025452774759975798 0.0010503247402010147 0.5388384699369041	
http://reegle.info/schema	0.007846953086202261 6.179927110266209E-8 0.003564531190796173 0.0012981298152728977 6.368816563098613E-4 0.010303363137864792 7.934045601003422E-6 8.353557876240438E-4 0.25616873947652835 0.7193380500045298	
http://purl.org/net/p-plan#	0.006437380444592096 0.0018421143904281364 9.043409212579454E-7 8.485601517853689E-4 0.7510097628727561 0.0015028455228315509 5.966080350220196E-7 0.23728736302601033 5.814830923657482E-7 0.0010698911595476532	
http://purl.org/essglobal/vocab/	4.1935912371534353E-4 7.073565972540881E-7 1.2418468821995319E-6 4.6336223421716733E-7 6.650119932774499E-7 0.0016427820231237635 0.0028368549647461495 0.004764263906722014 0.059575049465314396 0.9307586129386712	
http://linkedgeodata.org/ontology	0.006426142706362801 6.922835087767177E-5 5.612597423138112E-6 9.80661074404432E-4 2.5724796662169654E-5 0.00100868447354196 2.5348963128432947E-4 0.00944566755394827 0.9368389599048473 0.044945828910649355	
http://purl.org/vocab/frbr/core	0.1015447163483289 0.019707685117586294 3.303741477271154E-4 0.01822367910172588 2.910960850753027E-4 0.04733456931432095 3.695313309992175E-4 0.001441150250780352 7.635450240974637E-4 0.8099936532793587	
http://purl.org/ontology/ecpo	1.1402994550511719E-8 2.0848135374066885E-8 3.660132953373555E-8 1.3656815563309943E-8 1.960010002740694E-8 0.9999998182334722 2.4146477040915543E-8 2.62773897136647E-8 2.353432624984994E-8 5.6989596954877255E-9	
http://www.w3.org/ns/rdfa#	1.514754803483234E-4 0.9801988137198122 2.509151226109059E-4 3.478971965926318E-7 0.0020639506828817288 0.001098590300554581 6.15113503670022E-7 6.693969156115882E-7 5.99519418568966E-7 0.01623402276675789	
http://www.eclap.eu/schema/eclap/	0.05936802132471129 0.0027926969360523497 2.16584777371584E-5 0.03860903281962925 0.003140338190058138 0.010518658076279566 0.0012208329777642173 0.00452843987046595 0.1780266840512047 0.7017736372760971	
http://ns.inria.fr/ast/sql#	0.9591393609763383 9.506376872225146E-5 1.5415607035717016E-5 0.00470591248632021 9.560440587872333E-6 2.4754995648963734E-4 8.231749380843402E-5 2.224973422054751E-7 1.992711261752602E-7 0.035704397502229146	
http://rdfs.org/scot/ns#	3.23143060275524E-7 0.9999947692982075 1.0372245275828408E-6 3.870128285335659E-7 5.554362300627805E-7 6.705258197824779E-7 6.842734556532759E-7 7.446601934704187E-7 6.669260580816314E-7 1.6149961908945484E-7	
http://purl.org/spar/scoro/	0.048248459979569044 8.553519837386064E-4 2.9629049515046803E-6 0.016627593070118515 3.4108223229257985E-4 0.043978191602170584 1.4238553598057603E-4 0.0033799885420839736 0.01411678548705996 0.872307198662035	
http://purl.oclc.org/NET/ssnx/cf/cf-feature	0.41021390112242173 0.0026065285956859956 2.1035681058371474E-4 0.05937765653656334 1.4126195401329138E-5 0.031018581220079007 0.0011258166738547534 0.032770260268011546 0.021808361128189954 0.4408544114492082	
http://www.bbc.co.uk/ontologies/cms	0.06506174153019287 1.4001247411797392E-8 0.05140696821098377 0.01756999754033933 3.9404591161048706E-5 2.379267011366595E-5 0.008774145663655508 1.7647440795827354E-8 0.2204558398244132 0.6366680783204525	
http://www.w3.org/ns/dcat	0.5165805318324811 1.0051151006373415E-5 0.0048162718338928745 0.003170986067329694 9.44945730545019E-6 1.4855645979583462E-4 6.707434208236732E-5 3.496054436393557E-7 0.10411488513552161 0.37108184411514106	
http://www.opmw.org/ontology/	0.11192094778160554 0.003351134806632946 3.38140529802542E-5 0.013233075508106098 5.555620828261469E-5 0.008013535412619994 1.680607504986759E-4 0.005333087572041521 0.0034156673158735307 0.8544751205913588	
http://purl.org/ontology/ao/core#	0.09048905828095677 0.00664502496769784 2.573913110925226E-9 0.00217847110700078 0.012052956488276128 0.02320209858474655 1.6683093971190288E-4 0.0035536567597119753 0.009078378319227986 0.852633521978757	
http://sw-portal.deri.org/ontologies/swportal	3.336812016055299E-4 0.005501440870659457 1.4766408876724842E-7 0.0030851839922923906 0.010737720159760052 0.9022422581447613 1.891658572081124E-5 0.012948523517520507 0.0030555571446603917 0.06207657071893049	
http://purl.org/lobid/lv	1.5539850325775155E-6 2.84115634581233E-6 4.987980833974E-6 1.8611327826253275E-6 0.08986721068731722 3.224538032815254E-6 3.2906499906531557E-6 3.581047954496201E-6 3.2072268895736463E-6 0.9101082415948201	
http://purl.org/swan/2.0/discourse-relationships/	3.4384835779002997E-6 6.286591719045794E-6 0.9999490916772821 4.118105628555891E-6 5.9102564480676334E-6 7.134895664831393E-6 7.281180781201793E-6 7.923740785833102E-6 7.096591510992654E-6 1.7184766016722209E-6	
http://ns.inria.fr/nicetag/2010/09/09/voc	3.2810181520603594E-4 2.8148166410259636E-4 6.632233046902338E-5 1.572660656187141E-6 1.976402831043465E-4 0.007324305063467795 2.780605350620282E-6 4.266079739359209E-5 0.13473547038329442 0.8570196643969552	
http://rdvocab.info/ElementsGr3	0.2556921416703813 0.10200648873291275 0.002880361598819082 3.313387042562002E-10 4.755333859688548E-10 0.009654768233818833 5.858366013657987E-10 0.001634133793359648 5.70984731324733E-10 0.628132104007015	
https://raw.githubusercontent.com/airs-linked-data/lov/latest/src/airs_vocabulary.ttl#	0.047056188373867255 1.0463296164373825E-8 0.003410568319944758 8.328617446393853E-4 5.465024512475064E-4 0.004415330900877761 3.754041133440636E-4 0.005934207024731004 0.0426784108221194 0.8947505157859328	
http://purl.org/linked-data/sdmx/2009/code	0.8645551450172336 9.263544903598486E-10 1.6263231871034424E-9 0.007383171909460258 8.708999795960535E-10 0.09055125073576965 1.0729111755983239E-9 0.012431968590011166 3.97474829660867E-6 0.025074484502739552	
http://purl.org/spar/fabio/	0.03284537225298386 4.427946594365275E-4 0.004119917581201245 0.004848492916353502 0.007705783334779789 0.002576533555023199 1.5260090510750048E-5 4.503656930121038E-4 0.030241673826248917 0.9167538060904498	
http://rdf.myexperiment.org/ontologies/base/	0.011073078205417088 0.009562712746562113 2.0515239727570195E-9 0.011820865070302156 0.0011071079280875952 0.011475276148827571 0.0035069274645586706 0.013009677108300963 0.028600910563817014 0.9098434427126029	
http://dati.camera.it/ocd/	0.2971449166873214 0.009130904869707204 1.1607429396752056E-4 0.007929971899298977 0.012188513005416374 0.03743897641348082 0.0019661567454358013 0.006401621408297409 0.023503467527726148 0.6041793971493482	
http://www.wsmo.org/ns/wsmo-lite#	4.146040489230728E-4 6.67649485038593E-7 1.1721364225849922E-6 4.3735162471425693E-7 0.010980143400009787 7.577411782599125E-7 7.732769704631213E-7 3.561113472690756E-5 0.03880914138057968 0.9497566918800797	
http://data.press.net/ontology/stuff/	7.994435250092297E-6 3.910243132766983E-6 2.9834364144900548E-9 1.1355653094645456E-5 3.1968723934776173E-6 2.507473039659999E-5 1.003989162350819E-5 0.14500033664988554 0.012040930635608502 0.8428971579051785	
http://purl.org/ontology/po/	0.032807885555538714 0.005590485221565932 1.0769114731234885E-8 0.02437261325196979 0.0020710782217955533 0.014177652897698201 0.0016755950123675085 0.0013062289927456504 0.1251585226961629 0.792839927381041	
http://salt.semanticauthoring.org/ontologies/sao	1.1138105873286558E-6 0.902207564996155 3.5751089912737195E-6 1.3339571194416437E-6 0.08094776551721691 2.311170651519383E-6 2.358556049090905E-6 2.5666972601620185E-6 2.298762980777996E-6 0.01682911142298855	
http://www.ontologydesignpatterns.org/ont/dul/ontopic.owl	0.028524790150162363 0.1392438298452745 2.7469414359808527E-5 0.012124317439695474 4.1820441109058415E-5 0.007413919404026067 4.780557605992713E-4 0.0043924680443557605 0.006681477558124791 0.8010718519422926	
http://mex.aksw.org/mex-perf	0.08071330365955803 0.0013184834880592773 8.82366639650438E-8 0.006443401285066909 0.0407861844577158 0.009501910867330416 1.713725607083834E-4 0.001978683255668426 0.0037965076655794936 0.8552900645236493	
http://www.ontologydesignpatterns.org/ont/dul/IOLite.owl	0.036668980225316575 0.11046816088864493 4.0172371603463374E-5 0.0036757985989888165 6.154167520285134E-5 0.008779327181035534 4.476182787794824E-5 0.007845318599647084 5.538432032689949E-4 0.8318620954284134	
http://www.aktors.org/ontology/support	2.487216509678438E-7 4.5473867648268964E-7 7.983467034841543E-7 2.978819027601272E-7 4.275165805225055E-7 0.9999792401139176 5.266819700798801E-7 5.731613501836517E-7 5.133297620506063E-7 1.691950748593732E-5	
http://securitytoolbox.appspot.com/securityAlgorithms#	0.010103842792109415 3.1581926050999536E-7 0.9807444127453165 2.0688111021626494E-7 2.9691332032875647E-7 1.8141344391656788E-6 3.657843920406163E-7 3.980646536776426E-7 3.565111881455846E-7 0.009147990354208914	
http://contextus.net/ontology/ontomedia/ext/common/trait#	0.004836450490864722 0.036966363577655176 4.3639064655729365E-7 1.6282759805469515E-7 7.91904758615417E-4 2.821097922839708E-7 2.878938241370091E-7 0.10944294831126984 0.020611589249100885 0.8273495743906328	
http://purl.org/spar/biro	0.11354595155693954 0.004707887068335185 1.1659717463787248E-4 0.006163095648587643 0.04969530588682348 0.03789085966661817 2.2056769104760815E-4 0.0032860010006550812 0.0032889899790684535 0.7810847443272869	
http://ontologi.es/doap-bugs#	3.2496742263377716E-4 4.30848009468636E-6 5.197097986199664E-7 3.042056746612298E-5 0.06702019641659385 3.3597242400422057E-7 3.428607889434525E-7 3.731180558279916E-7 3.341687340808955E-7 0.9326182012834101	
http://kmi.open.ac.uk/projects/smartproducts/ontologies/food.owl	0.1706207388110289 0.0037584403072769045 1.5739341440223134E-4 0.01897093513258445 1.8981834528502327E-4 0.021932582418415406 1.9230551860721323E-4 0.022189084317807146 0.01178545780201819 0.7502032439325742	
http://www.w3.org/1999/02/22-rdf-syntax-ns#	0.8117188589279598 9.065955726751127E-6 1.6647653322265734E-7 0.10802271599144038 8.523238932408268E-6 1.0762068476514295E-7 0.005638504510247601 1.1951939444275002E-7 1.0704291608300317E-7 0.07460183071616454	
