http://lod.geodan.nl/vocab/bag	7.970668959996757E-7 1.118089477143382E-6 6.877755267430787E-7 4.0062310803506356E-7 4.216182100196093E-7 3.634340301686585E-7 0.9998363177680697 5.800447905725161E-7 9.650393503749174E-7 1.5834854054114266E-4	
http://www.w3.org/ns/auth/cert#	1.7643354119344393E-5 0.9998965125456419 1.5224151490732206E-5 8.867932414367724E-6 9.332666329355509E-6 8.044739187473095E-6 3.1774256543408956E-6 1.2839494020532024E-5 2.136148306148404E-5 6.99620808036041E-6	
http://purl.org/dc/dcam/	5.671237911585662E-6 7.955356649667104E-6 0.999258643618169 1.9994384563336268E-4 2.999870134964264E-6 2.5858818884553218E-6 1.7757024650154525E-4 4.127096512503962E-6 6.866384462190056E-6 3.3363646213668987E-4	
http://purl.org/rss/1.0	1.0586306675212832E-6 1.484999333779009E-6 9.134744757748964E-7 5.320907321733545E-7 5.599755420182063E-7 4.826977658818158E-7 1.9065083762991121E-7 7.703910511374136E-7 0.006153711667578111 0.9938402954220161	
http://data.lirmm.fr/ontologies/oan	5.4422293918067526E-8 7.634113831246145E-8 4.69600758153689E-8 2.7353825187419174E-8 2.878733298554408E-8 2.4814621845334543E-8 0.9999996142447999 3.9604414932563245E-8 6.589115095883504E-8 2.1580346338107815E-8	
http://data.lirmm.fr/ontologies/vdpp	0.9969830822844162 4.091016000643949E-6 2.5165255037959995E-6 1.465853653668701E-6 1.542673353620956E-6 3.010095792016605E-4 0.0024016304906484005 2.1223458120588554E-6 3.531015633669671E-6 2.9900821577628E-4	
http://purl.org/ctic/sector-publico/elecciones	5.422387920460632E-4 7.606281110511563E-4 4.6788867119148744E-4 2.7254097649384844E-4 2.868237911435596E-4 2.472415182416082E-4 0.9961565119958441 3.946002376352371E-4 6.565092268295956E-4 2.150166795234342E-4	
http://www.w3.org/2003/g/data-view	1.7118789740193763E-6 2.4013465828279137E-6 1.4771513771123377E-6 8.604274981102682E-7 9.055191633457932E-7 7.805556570111315E-7 0.999987865887875 1.2457755879137237E-6 2.072637292176303E-6 6.788199924810265E-7	
http://www.w3.org/2004/03/trix/swp-1	0.02676930078279358 0.973224584834394 1.084364446105956E-6 6.316326152209369E-7 6.64734028762385E-7 5.729993660665804E-7 2.2631720472629838E-7 9.145134183885692E-7 1.5215056656568934E-6 4.983160673696868E-7	
http://www.w3.org/ns/regorg	2.907022687319569E-6 4.0778402576016754E-6 0.0014409144536721426 0.004598122349080292 0.00156435051673766 1.0287459715771219E-4 0.08087653254260252 0.00271690394540718 5.804733074426282E-4 0.9081128434249549	
http://www.w3.org/ns/radion#	1.9030553420559288E-6 0.9327546088542111 1.6421142276422915E-6 9.565168867551207E-7 0.06593767475358157 8.677252512537699E-7 0.0012979033513136908 1.3848992385341625E-6 2.3041018266375436E-6 7.546281206738866E-7	
http://semweb.mmlab.be/ns/oh	0.03407591810878135 1.6909312852169074E-6 1.040150344986451E-6 0.869865878273259 6.376300254258501E-7 5.496357709176814E-7 2.170893000206561E-7 8.772248583468052E-7 1.4594674776686834E-6 0.09605173148889704	
http://vocab.deri.ie/c4n	0.9998448725787616 3.4715409844201215E-5 2.13546498556622E-5 1.2438893015993762E-5 1.3090767114636087E-5 1.1284214337540726E-5 4.456919147983649E-6 1.800973271313284E-5 2.9963377036371794E-5 9.813458172982597E-6	
http://www.w3.org/ns/hydra/core	0.001205160478041817 6.109783987238247E-7 3.758339547962973E-7 9.423019978568707E-5 2.3039266900957704E-7 3.9444777245898943E-4 8.656037918565542E-4 2.9140641674092883E-6 9.016247921226318E-4 0.9965348016965447	
http://labs.mondeca.com/vocab/endpointStatus	1.1352444472542191E-4 1.5924696870874862E-4 0.999272831400299 5.7059847940130495E-5 6.005013308020001E-5 5.176309124903861E-5 2.044483609099404E-5 8.261447451412577E-5 1.374483834911881E-4 4.501641990145231E-5	
http://purl.org/ctic/dcat#	7.107427398846269E-6 9.969978459893041E-6 0.1093135972519935 3.572347150471193E-6 3.759559997768507E-6 3.2407329882320133E-6 0.012968598012645362 5.172246216426512E-6 8.605233957454789E-6 0.8776763772091921	
http://purl.org/cld/cdtype/	2.6279836756273517E-5 3.686416922557431E-5 2.26764261048617E-5 1.3208815888342555E-5 1.3901038656098047E-5 1.1982666740321897E-5 0.9987211470864318 1.9124470585940358E-5 3.1818002627527745E-5 0.0011029974869833986	
http://vocab.deri.ie/csp	0.9145092516941581 2.2782358353498874E-6 1.4014216963261773E-6 8.163156347080855E-7 8.590955684126972E-7 7.405386136280487E-7 2.924900775696741E-7 1.181907937606735E-6 1.966378608771192E-6 0.08548121192186976	
http://purl.org/ctic/empleo/oferta	7.86641539881141E-6 1.1034652579842276E-5 0.9971144727225663 3.953830979536745E-6 4.161035913501176E-6 3.586804402138899E-6 0.0028365564790278587 5.724580076603553E-6 9.52416973324068E-6 3.119309322046356E-6	
http://data.press.net/ontology/classification/	5.726143514874716E-7 8.032375752557716E-7 4.940992270429236E-7 2.8780839142827296E-7 3.0289131203083536E-7 2.6109168821080887E-7 1.031232223846378E-7 4.1670526433141784E-7 0.9999965313673147 2.2706165311360015E-7	
http://purl.org/ctic/infraestructuras/organizacion	1.0496805816678742E-5 1.4724445571819006E-5 0.9996459346603204 5.2759222492161834E-6 5.552412854633615E-6 4.786168464654093E-6 2.8871957092821594E-4 7.638778579531257E-6 1.2708883930795476E-5 4.162351283994454E-6	
http://purl.org/ontology/dso	0.9998623376536379 3.0806963307463416E-5 1.8950429146582694E-5 1.1038455903270647E-5 1.161693852894284E-5 1.0013777126938847E-5 3.955135349761638E-6 1.598210066828244E-5 2.6589939772276294E-5 8.708606558620283E-6	
http://zbw.eu/namespaces/zbw-extensions	2.7236729928625084E-6 3.820645579164073E-6 2.3502113018913673E-6 1.3689771149047766E-6 1.4407198915082154E-6 1.2418975842875247E-6 0.004178805972316858 1.9820824809836225E-6 0.9958051857889664 1.0800317712850041E-6	
http://purl.org/prog/	1.8186193287590356E-6 2.551077136210491E-6 1.5692558216379605E-6 9.140775152960089E-7 0.06622653174739859 8.292254455814027E-7 3.275186606578128E-7 1.3234531166397783E-6 0.9310725106939658 0.0026916243316107685	
http://www.w3.org/2003/06/sw-vocab-status/ns	1.3867791610224048E-6 1.945311234029106E-6 1.196628253833411E-6 6.970252816110928E-7 7.335536709618909E-7 6.323217561459088E-7 0.9999901702549725 1.0091926186655952E-6 1.679026525104963E-6 5.499065260716368E-7	
http://www.w3.org/2004/03/trix/rdfg-1/	7.002808370952488E-6 9.823223608093178E-6 6.042604755240828E-6 0.9999526214240568 3.704220493021862E-6 3.1930304489212107E-6 1.261149258796628E-6 5.096112428372952E-6 8.478567702436324E-6 2.7768588772106925E-6	
http://www.w3.org/2004/09/fresnel	1.848853780446832E-5 2.5934886608252824E-5 1.5953446179983735E-5 9.292740064132437E-6 9.779736499059147E-6 0.9998740503296009 3.329636413450396E-6 1.345455455822774E-5 2.238477924720319E-5 7.331353024301065E-6	
http://inference-web.org/2.0/ds.owl	2.3169404508706683E-5 3.25009952149285E-5 1.9992486791605107E-5 1.1645445184319213E-5 1.2255737762047453E-5 1.0564420752471674E-5 0.9959236910973239 1.6860934073905067E-5 0.003940131997711683 9.187480676547006E-6	
http://purl.org/ontology/olo/core#	3.3826820112714156E-8 4.7450736949515954E-8 2.918859023982701E-8 1.700209339581462E-8 1.7893107113287594E-8 1.542382154252576E-8 0.033314684203202355 2.4616592266581148E-8 4.0955423780184364E-8 0.9666850894396123	
http://ontologi.es/doap-deps#	2.189745284496865E-5 3.071675881294262E-5 1.8894941240648596E-5 1.1006134693123868E-5 1.1582923489634224E-5 5.113558356497931E-4 3.9435544944392265E-6 1.5935304192506015E-5 2.651208295618707E-5 0.9993481550116257	
http://data.press.net/ontology/identifier/	2.052503231736021E-6 2.8791589221988755E-6 1.771070280843388E-6 1.0316326372064405E-6 0.052555316394015894 9.358681500734683E-7 0.48907506540441353 1.4936560697437589E-6 0.00444526632482932 0.45391418798744954	
http://purl.org/vocab/changeset/schema	9.040545864675904E-7 1.2681669819254862E-6 1.58273695410539E-5 4.5439744152183114E-7 0.07939930299176606 4.1221659499519606E-7 1.628129332175651E-7 6.579023114691359E-7 0.010065733861572102 0.9105152762262712	
http://data.press.net/ontology/tag/	2.0876870542311076E-6 2.928513200860892E-6 1.8014298054590015E-6 1.0493167894291434E-6 1.1043074092069541E-6 9.519107162248207E-7 3.7597558601832263E-7 1.5192601853495225E-6 0.9999873537581896 8.27841063511921E-7	
http://www.w3.org/ns/adms	4.2420013403140455E-7 5.950488076267046E-7 3.6603511209936455E-7 2.132121870541478E-7 2.2438581014719734E-7 1.9342010699837313E-7 1.55992083625557E-4 3.0870066131209577E-7 3.924507502686854E-4 0.9994492321632864	
http://vocab.deri.ie/ppo	7.929870047204112E-6 1.1123663897461649E-5 6.8425505764853505E-6 3.985724661969101E-6 4.194601020027399E-6 0.005575010157810662 1.4281055831640292E-6 5.770757553578852E-6 0.9943805700975361 3.1444713134012037E-6	
http://open-multinet.info/ontology/omn-lifecycle	8.092711356230524E-5 1.1352090338178811E-4 6.983063584431446E-5 4.0675722354489124E-5 4.2807379071237526E-5 3.6899872745282415E-5 1.4574319884148122E-5 5.889261098845669E-5 0.9995097810061888 3.2090435979181216E-5	
http://purl.org/reco#	7.286743578352445E-6 0.9260794900783269 6.287607637446201E-6 3.6624753511470442E-6 0.07388162378968262 3.3224947601980177E-6 1.3122836976374865E-6 5.302738922007357E-6 8.822338908432982E-6 2.8894491352122816E-6	
http://rdf.insee.fr/def/demo	4.120289889502055E-6 5.779756744827087E-6 3.5553283711930877E-6 2.0709470557894475E-6 3.6525673310572267E-4 1.8787049964317143E-6 7.420309488585908E-7 2.9984342569600933E-6 0.9986865523328 9.270454418307324E-4	
http://www.holygoat.co.uk/owl/redwood/0.1/tags/	1.6632852105958306E-5 2.3331814441032418E-5 1.4352206415582778E-5 8.360032187535836E-6 8.798149023162896E-6 7.583986368529529E-6 2.9954423988115105E-6 1.2104127350972237E-5 2.0138029658206517E-5 0.9998857033600501	
http://purl.org/wai#	4.922911044059663E-5 6.905637485261071E-5 4.24789657358801E-5 0.9996669328897687 2.6040335546478967E-5 2.2446715700825307E-5 8.865765397908672E-6 3.5825210153501036E-5 5.960356526856406E-5 1.9521067135178904E-5	
http://purl.org/net/ns/ontology-annot	1.176157467488031E-6 1.6498606258294683E-6 1.0148863612254636E-6 5.911622506574352E-7 6.221427694868188E-7 5.362857881408135E-7 0.012628630973122749 8.559181360226424E-7 1.4240187919731635E-6 0.9873634985946865	
http://www.w3.org/ns/locn	3.2900067593291215E-4 1.713396232120059E-5 1.1792696475808383E-4 6.1392772031202925E-6 6.461012890367834E-6 0.9983703760966045 3.887514042696196E-5 3.9585477986041096E-4 7.133886091584935E-4 4.843480844131475E-6	
http://rdaregistry.info/Elements/m	2.0320624149559508E-4 2.647856653505567E-8 0.0022817005624758547 0.07324302684811475 2.333269016842553E-4 0.02698119335744894 0.8611563871922603 6.571718041688786E-4 0.0018189224169734826 0.03342503819681134	
http://purl.org/ctic/infraestructuras/localizacion	7.705277082201937E-7 1.0808615020046638E-6 0.953174861941278 3.8728393669787314E-7 0.00792358702229911 3.513331086268062E-7 1.2658376787537102E-5 5.607315839962886E-7 0.03888543638056242 3.0554123336906787E-7	
http://ns.nature.com/terms/	0.0026996090847790422 6.244676019107937E-4 0.09594027781396695 0.01649681971459971 0.004346220000311869 0.10111395679321931 0.7619589505379143 0.008487561271851496 0.006126964039196299 0.002205173142250361	
http://purl.org/uco/ns#	0.0020471052855420275 4.282194240937443E-4 0.0037053753148577175 0.028883482620506228 1.9071953947773706E-4 0.025875371091901328 0.9312023848201151 0.002060497166040088 0.0014793103720177273 0.004127534365448169	
http://contextus.net/ontology/ontomedia/ext/common/being#	3.2789227350210285E-8 4.599524863964117E-8 0.012235460501100704 0.025560369046879163 3.831636197828904E-4 0.023123556516476716 0.9304364909189146 0.003319072882169026 6.960779843208202E-4 0.004245729745880236	
http://salt.semanticauthoring.org/ontologies/sro	3.991032906301459E-6 5.598440881015394E-6 3.4437947092731386E-6 2.005979692817846E-6 2.1111053018627247E-6 1.8197684296669915E-6 7.187528095860822E-7 2.9043708350228515E-6 0.9999758241700529 1.5825843815851559E-6	
http://def.seegrid.csiro.au/isotc211/iso19103/2005/basic	0.007565805596843521 3.4656195701099425E-9 0.00728049254768559 0.006681831443911277 1.3068438167326598E-9 0.8300156484665014 0.05555405124170405 0.0894156859856752 0.003133379040863268 3.5310090435200866E-4	
http://www.w3.org/TR/2003/PR-owl-guide-20031215/food	0.9773462400409179 0.006152683694457276 0.004652539094894441 0.01068676583744213 2.1275019417661014E-4 8.261534855938618E-4 7.129561103075659E-5 5.1359812718136415E-5 1.598691972444967E-7 5.2359574770319334E-8	
http://www.w3.org/2006/time-entry	0.1655074626855245 3.447815802494739E-8 2.366148761198951E-4 0.7033117799290268 1.3001302282525099E-8 0.04424276436037371 0.08391909115646666 0.0020238027472000712 7.58427019436788E-4 9.746391103483478E-9	
http://www.w3.org/2006/time	0.03595002011034446 2.0775718602537886E-8 5.3333191117491976E-5 0.9466536497825067 2.954776111987049E-6 0.007655928745616347 0.009549281078478881 1.2107633557569828E-4 1.3729331585589746E-5 5.872943641877182E-9	
http://www.essepuntato.it/2012/04/tvc	0.02541040150502985 3.303338496629192E-8 1.3425468526713754E-4 0.9164411231814054 8.074357121894268E-4 0.009553901617269015 0.0466441059098899 2.9626249927899097E-4 4.7564569034679716E-4 2.3683616593901663E-4	
http://owlrep.eu01.aws.af.cm/fridge	0.012591108381623594 4.5895153014914755E-9 0.013708958285597319 0.008186029682078181 0.003970740588967402 0.28969986296952915 0.6323928970653101 0.033964381883881865 0.004939220295889228 5.4679625760795E-4	
http://securitytoolbox.appspot.com/stac	0.8995785364395472 8.545594578761563E-8 5.102101831495568E-5 0.0010303688446455324 1.843865903004729E-5 0.003963171980797353 0.09446745079582754 3.087957349279684E-4 5.821069140131511E-4 2.415694797736972E-8	
http://contextus.net/ontology/ontomedia/core/space#	1.0375853730535467E-4 1.554781638546402E-7 0.0011454227813440978 0.009870257644268425 5.862896170797488E-8 0.005301353649048535 0.011166632703191586 1.9881360415721798E-4 0.972213503022515 4.3951042624793076E-8	
http://spinrdf.org/sp	0.017184717350780424 2.4668795473768028E-8 0.0236004928428716 4.993826224143268E-4 0.008247703429159503 0.07213204361902653 0.8285615016252187 0.0017977083816145118 0.04627886296518166 0.0016975624949373382	
http://purl.org/net/cartCoord#	9.785394488908142E-7 1.3726509860910705E-6 0.0012097276023867798 6.313051498423261E-4 9.368641916521806E-5 8.821198517359044E-4 9.949430838918213E-4 2.449740293149423E-4 1.5594893791865723E-4 0.9957849437353093	
http://www.ontotext.com/proton/protontop	0.0019279786919886533 3.1316269091994926E-9 0.011597995662648186 0.042523583574766835 1.5259433279269163E-5 0.08848237940187818 0.835582020531155 0.010019067618841193 0.004239474416712371 0.005612237537103411	
http://www.w3.org/2006/gen/ont	0.017303844554525136 4.2012925877903017E-10 0.006207582368429261 0.0755400339551396 1.584257339724203E-10 0.30296482814983994 0.5935463563114296 0.002985424335539775 0.0014519296277782532 1.1876342312469854E-10	
http://commontag.org/ns#	5.991671600811328E-7 8.404846570580334E-7 4.005798499392032E-5 0.018809239643996407 0.004781532410453713 2.7319882035733725E-7 0.015912737424303196 4.3602838310240303E-7 0.9416661895076844 0.01878809414954792	
http://purl.org/spar/doco	1.2886723316945714E-4 1.9352116810148683E-7 5.085832512561787E-4 0.004139039310771562 0.016446633499319154 0.004054551329904884 0.8576341690913327 6.094545619931489E-4 0.010642197962781357 0.10583631023830324	
http://www.linkedmodel.org/schema/vaem	2.3789241360610641E-4 7.0612523984217E-8 9.695736427310888E-4 0.00819965887566 0.043578295164142175 0.21016417721430405 0.6952304247551198 0.003114004121502854 0.03407055304012075 0.0044353501602891095	
http://purl.org/biotop/biotop.owl	0.0015289077294967355 6.16194825356063E-4 0.8797293691401071 0.01877782509167995 4.3266349802635116E-5 0.05667615526639926 0.04061816815862794 5.453943909932483E-4 0.0013988667296097352 6.585231792963602E-5	
http://purl.org/wf4ever/wfdesc	3.5041699134768714E-4 5.432764178395735E-7 0.029039930701964554 9.797077943342525E-4 0.0024613464603182402 0.030192621122775 0.08652190113287993 0.005354459007511779 0.8450989199374123 1.5357503848473269E-7	
http://resource.geosciml.org/ontology/timescale/thors	0.010909468159316548 9.767874425169797E-9 0.01622949397833531 0.0014368709804282044 0.0018934447008665742 0.935781019257798 0.012557230424539143 0.01917578222279643 0.0019399917363621022 7.668877168324584E-5	
http://code-research.eu/ontology/visual-analytics	3.8545036235705204E-4 9.35360211336592E-7 3.416202389980478E-5 4.114403648894755E-4 9.508013850597166E-4 0.04413592277957629 0.8845784738661271 0.013131590730480877 0.05609694750607949 2.742756213190467E-4	
http://def.seegrid.csiro.au/isotc211/iso19156/2011/sampling	0.0024469924067503255 6.757900018484578E-9 0.01181710436329621 0.002592448382153177 7.05672078059797E-4 0.7623709636456966 0.200392751343215 0.006808280637044437 0.012287732105941277 5.780482799423665E-4	
http://purl.org/linked-data/api/vocab#	5.83330970226643E-9 8.182703644770541E-9 5.033464158739114E-9 2.9319479641944873E-9 5.124018743546024E-6 0.24416753875402603 0.4478553644188601 4.245040060724256E-9 0.3062372874958457 0.0017346590860591205	
http://reference.data.gov.uk/def/payment#	2.924994949061879E-6 4.1030509354448974E-6 5.6227443940395074E-5 2.8988243417426364E-4 0.0013264790046668268 0.0019639399775177803 0.9081590620481115 2.128589320632073E-6 2.683068256428287E-4 0.08792694563074126	
http://data.archiveshub.ac.uk/def/	5.4575818740821625E-5 6.919799024509932E-5 0.03877758325232384 0.002074599516242335 3.276926205717506E-7 9.492628880215961E-4 0.94666062829714 2.5536997922449757E-5 0.005353980898704937 0.006034306648038314	
http://purl.org/dc/elements/1.1/	3.0257674970011835E-8 4.244410118722167E-8 2.610883533736574E-8 1.5208163642522952E-8 1.6005164465162678E-8 1.379641886154712E-8 0.09164511883252303 2.2019239325175687E-8 3.663412336337639E-8 0.9083546786937559	
http://purl.org/spar/deo	6.30920114103426E-4 2.263348239670927E-6 7.146443918133608E-5 0.007940479510009136 1.0399136509778413E-5 0.013783532131484916 0.961177869503567 0.0029645018089853523 0.010219099944779422 0.0031994700631399883	
http://simile.mit.edu/2003/10/ontologies/vraCore3#	8.151357166180313E-4 6.526969494302832E-7 0.004616769722884174 0.03243130042685035 2.46124237039721E-7 0.155454896566174 0.7999499208092846 0.0027771089754575593 0.0039537844551757375 1.845063688319766E-7	
http://schema.theodi.org/odrs	0.017281974945918058 5.073345700352018E-6 3.1207904937306527E-6 1.8178326190889531E-6 1.913098170334354E-6 1.9250815707221374E-5 0.6808564335548912 0.033713073450967315 4.378878738223952E-6 0.2681129632867944	
http://purl.org/ontology/cco/core#	2.820721229136222E-4 1.1275247796032927E-8 0.07062121227902925 0.031597104384550635 0.005762028758756992 0.07751330065598193 0.7954703696033334 0.007571871640277544 0.00167976523109227 0.009502264048816744	
http://purl.org/archival/vocab/arch	1.0094239869729444E-8 1.4159744225671946E-8 0.006053015212269377 0.0035721158461937915 5.339470710355072E-9 0.0012565522673779847 0.9803552443419845 0.0033901930531837444 1.3164676391037306E-5 0.00535968500914482	
http://www.w3.org/2002/12/cal/ical	2.717742910715869E-7 3.8123271275008206E-7 2.3450943344291576E-7 1.365996527011322E-7 0.005402666417255455 0.021448463752716168 0.9427470231463788 1.9777670172827852E-7 0.024379424886883154 0.006021199903974643	
http://purl.org/ontology/similarity/	4.498704995217405E-6 6.310580380604586E-6 5.376342178376443E-5 0.08534586108022132 2.3796446157897E-6 4.297612374319746E-5 0.6866768053231461 2.0433251229990573E-5 2.8469906814391987E-5 0.22781850196306952	
http://semanticscience.org/ontology/sio.owl	5.54611447961899E-4 2.4509981576829637E-4 0.4481215227243398 0.01119335665921865 0.0026510940127400387 0.06599769653597222 0.45074201501333616 0.005566296749295174 0.014676442894118048 2.518641472495277E-4	
http://www.sensormeasurement.appspot.com/ont/transport/traffic	8.435282613077481E-5 5.933699496846477E-7 0.010084834709932237 0.10223230729556752 2.2375273283551768E-7 0.7940927797287918 0.06076772506109069 0.031023490002422507 8.702952498775937E-5 0.0016266637283941432	
http://online-presence.net/opo/ns#	0.004335740512089785 3.2326519094992017E-9 0.018885434658039196 0.03570053582395212 1.2189944897627754E-9 0.09677188570724064 0.8419854967982546 0.0014437516336601444 8.708026068340912E-4 6.347808282939777E-6	
http://www.bbc.co.uk/ontologies/provenance	7.90461298109805E-9 1.1088234424755615E-8 1.1595968434820996E-4 0.18567439200840868 4.181240988321868E-9 1.586217721553851E-5 0.7500667696435089 2.7041926053250184E-5 9.570417005810644E-9 0.06409994181596002	
http://lod.xdams.org/reload/oad	6.458356798175385E-4 3.8955360512805425E-9 0.1454044150560885 0.05752161771108164 0.004289966152566257 0.1286738439516406 0.6275363961834534 0.017290533076547984 0.004397319624374469 0.014240068668893439	
http://data.press.net/ontology/event/	1.2707357579277621E-6 1.7825307841782815E-6 1.096496366423412E-6 6.386993505655758E-7 0.04853703299361538 5.794101098677409E-7 0.0050417382712045255 9.247450374359998E-7 0.871908824526305 0.07450611159146862	
http://purl.org/spar/datacite	2.8233022127378308E-5 1.7442133364286021E-6 0.036296946202280155 0.0050245478485348265 0.012564102659036899 0.01948416147635695 0.8619473034248651 5.179287069112647E-5 0.011674633058840866 0.05292653522393011	
http://def.seegrid.csiro.au/isotc211/iso19115/2003/lineage	0.0015780376012895618 1.1534524997310132E-8 0.019186085874218273 0.008684070932398176 0.0017236211378814136 0.5937324243367555 0.3405166430018367 0.003108337010062009 0.030801856659691942 6.6891191134137E-4	
http://purl.org/spar/pwo	0.004996311314787531 2.021899920274311E-5 0.018786215719151383 0.01110499418714623 0.0026607629102286747 0.04459636301753105 0.8469071818881316 0.0020987133142503747 0.06837203621210465 4.5720243746553247E-4	
http://www.linklion.org/ontology	0.17137297448088062 8.130592011116069E-9 3.839097219021721E-6 0.040161934587791895 3.0659493003053193E-9 0.10285860197875013 0.6469029739620611 0.002838315213819899 0.03586134718455537 2.2983806033331858E-9	
http://archivi.ibc.regione.emilia-romagna.it/ontology/eac-cpf/	6.236406256384988E-9 8.748149302713036E-9 0.009541338754951743 0.06537237830560011 3.298822791372333E-9 0.021151812813367123 0.8827396542323872 0.0027341306652677944 1.189298356479486E-4 0.018341737109399868	
http://purl.org/vocab/frbr/extended	9.686391547373593E-6 1.3587633001651369E-5 8.358223233420158E-6 4.868590461891364E-6 5.123734389483902E-6 4.416648509079524E-6 1.744440926165536E-6 7.049020583715212E-6 1.1727684405498515E-5 0.9999334376329418	
http://vocab.deri.ie/odapp	1.345885218837643E-4 1.8879470571135082E-4 1.1613415636347795E-4 6.764710993961637E-5 7.119223238427005E-5 6.136755794043044E-5 2.423830635153542E-5 0.99911971687825 1.6295146665667206E-4 5.336906451900569E-5	
http://purl.org/openorg/	2.5925208608073703E-5 3.636671286050502E-5 1.2586297061335742E-4 2.1397552325711086E-4 4.6627144332894314E-4 5.258833237986485E-4 0.9981913393917546 1.8866399135493664E-5 3.2181589958308514E-4 7.369312706025354E-5	
http://purl.org/acco/ns	0.0014231617809506822 1.0144043252290855E-8 8.041157705166209E-4 0.013078997044398688 2.584114794693222E-4 0.03299922575762523 0.9422834726652406 0.002299467429435114 8.37181074700537E-4 0.006015956853619781	
http://www.w3.org/2000/10/swap/pim/doc	3.45512334536173E-6 4.846691129778097E-6 2.98136742442185E-6 1.7366199251409956E-6 1.8276294343416936E-6 1.5754128147045039E-6 0.07960899715523495 6.739479962630679E-4 0.05900532330634193 0.8606953086980863	
http://purl.oclc.org/NET/ssnx/cf/cf-property	0.019377003071977664 5.363595533326055E-4 0.025322917040235468 0.016042280171379313 0.0010943436397899357 0.6211549426049785 0.2276491467992302 0.08035125599574279 0.007970804585248749 5.009465380841943E-4	
http://purl.org/dqm-vocabulary/v1/dqm	0.005507725058679121 8.50004704889814E-9 6.514384079128149E-4 0.008310689306067947 0.06807986604190618 0.1305395192017377 0.7784569802918966 0.006159881214082624 0.002257882843691191 3.6009133978852345E-5	
http://dati.cdec.it/lod/shoah/	0.004382061677858465 0.0012587655404596903 0.24417358256400093 0.014237215671092662 1.329893178785512E-6 0.005940120066921609 0.7103328614804876 0.01712493754972539 6.99389942281367E-4 0.0018497356139936568	
http://rdfs.org/sioc/ns#	2.015910929535273E-5 2.3199898411799624E-6 8.179775957593815E-4 8.312765299946563E-7 9.80948952694559E-4 7.541107175828053E-7 0.9981731471570732 1.203569167823432E-6 2.0024171007573197E-6 6.558218200603229E-7	
http://sensormeasurement.appspot.com/ont/home/homeActivity#	0.014694782246441255 0.007267555535823835 0.0011661332984442682 0.9746178819648016 3.945953943941685E-7 3.4014041865979664E-7 0.002251170356387863 5.42867925205602E-7 9.031869924436427E-7 2.958073705099593E-7	
http://purl.org/NET/c4dm/event.owl	0.03623554548484015 1.7499902988853642E-8 1.4587073009729153E-4 0.930573329230529 2.755856705590804E-6 0.009920680774953651 0.02285565420995354 2.2700597946635436E-4 3.283856172980229E-5 6.30167182184381E-6	
http://open-multinet.info/ontology/omn-federation	6.673411870983331E-6 9.361161060681194E-6 0.9915157626645241 4.089763379224199E-4 3.5299822159076954E-6 2.1874880777702382E-4 0.004887514896952003 0.0022324803101164037 8.079754772252687E-6 7.08872672787955E-4	
http://vocab.deri.ie/pdo	0.0034659692247637325 1.800564100241829E-9 0.020049261361343156 0.037658456064954035 6.789712527382781E-10 0.08095827373639045 0.8429952738219124 0.0015446485890744251 0.00792958688262961 0.0053985278393967875	
http://def.seegrid.csiro.au/isotc211/iso19150/-2/2012/basic	3.6576170803262325E-8 5.130740204438655E-8 3.1560958392216046E-8 1.8383976678452172E-8 1.9347409534681305E-8 1.6677427239648218E-8 5.967954106239427E-4 2.661736102703669E-8 4.4284167725862566E-8 0.9994029598345026	
http://www.essepuntato.it/2013/10/vagueness	6.03301342775177E-8 8.462839020022132E-8 4.311527639077172E-4 0.010175256907043405 0.0039404333626010535 0.004461340203715612 0.9582502603860727 4.390369274880633E-8 0.007944992861482647 0.014796374652959523	
http://id.loc.gov/vocabulary/relators	1.6805030524955886E-8 2.3573338558316116E-8 1.4500776257605045E-8 0.1788071972581146 8.889224887919166E-9 7.662493576692874E-9 3.0264503421960925E-9 1.2229425736201622E-8 2.0346492649772123E-8 0.8211926957086529	
http://purl.org/ontology/service	1.5165515253517608E-5 2.1273500512336398E-5 1.3086066294017196E-5 7.622516863151548E-6 8.02198338345716E-6 6.914933182938777E-6 2.731186876478995E-6 0.9999008091706226 1.8361468857642143E-5 6.013658153761045E-6	
http://lod.taxonconcept.org/ontology/sci_people.owl	2.1191277555830375E-4 2.690803561628467E-7 0.05301993124753111 0.004875287586549055 0.005997396795720354 0.01404450794326847 0.9131371225769439 0.0035392965034705386 0.002717352597102832 0.002456922893499313	
http://purl.org/vocab/vann/	7.503118436640134E-8 1.0525035993680572E-7 0.19664415510641806 0.021151891281871983 3.96886557539661E-8 0.006982754960599626 0.7600431345954084 0.012712650629950285 9.084312217985034E-8 0.002465102612429333	
http://data.ordnancesurvey.co.uk/ontology/admingeo/	6.752386021743692E-4 2.575836611450679E-8 0.6718210582034316 0.005129040339075028 0.0025972151611433686 0.24142005738922348 0.055150739515145854 0.004628252765292158 0.017723372681063 8.549995850848873E-4	
http://purl.org/muto/core	2.638838334084722E-5 8.111661982401515E-8 1.4347110632431504E-4 0.21008627997786455 5.182484567140301E-5 4.879990183265082E-5 0.5897715891722467 4.208184918972947E-8 0.004497855316860806 0.1953736680973895	
http://purl.org/dsnotify/vocab/eventset/	3.9701861725665566E-6 5.569198023560412E-6 0.0025832610608581773 0.9954296819056455 2.100078169000756E-6 3.546476525761107E-4 8.147038861539639E-4 6.044170265055984E-4 4.806856117184257E-6 1.968421497781647E-4	
http://www.w3.org/2000/10/swap/pim/contact	5.2544444407249326E-5 1.649633628894031E-7 0.1584655304373687 0.014828913715109313 6.220571716491186E-8 3.921459779424985E-5 0.826592549990129 1.0934872387680796E-5 1.4238228676043282E-7 9.94239143696599E-6	
http://swrc.ontoware.org/ontology-07	4.378084916569855E-5 4.634053153619083E-8 0.006443853144421304 0.0051262275347437065 4.729734703232949E-4 0.01767100653286377 0.9638230398905268 0.0027921806302674966 0.0015178699816783664 0.002109021625478373	
http://www.w3.org/ns/auth/acl	1.319089829430182E-6 1.8503596938911698E-6 1.1382202758777598E-6 0.9676201224919535 6.977485773536016E-7 6.01457839072637E-7 5.4204731023999436E-5 9.599334606646078E-7 1.5970724646428946E-6 0.03231750889488154	
http://linkedscience.org/teach/ns#	2.4656160510502545E-6 3.458654945012584E-6 1.402697507784528E-4 5.456706026460015E-4 0.19540096854618502 0.003231076263515332 0.2933005202263361 1.794288224917399E-6 5.617374205968012E-4 0.5068120386307213	
http://purl.org/net/opmv/ns#	1.3756335801363295E-9 1.9296767160634067E-9 0.04274663846794295 6.914232709419187E-10 0.03267432258672115 0.42731474587419027 0.4972472974344384 1.0010817108317371E-9 1.6990093405076783E-5 5.454869127414267E-10	
http://purl.org/vvo/ns#	6.453656535304999E-4 1.0263487074582297E-8 8.592155868859191E-4 0.014390869822913863 3.083093246087242E-4 0.012634762209398185 0.9615172874705588 0.0014891462085515896 9.754638354145647E-4 0.007179569624650974	
http://purl.org/ontology/daia	2.368732486602616E-9 3.322751052302063E-9 0.6428914244734643 0.03651676275302485 1.2529698021947449E-9 0.018542750425843618 0.281780091840315 8.103507267947394E-6 2.867914941086552E-9 0.020260857187715933	
http://www.w3.org/ns/ldp#	8.73711154947191E-6 1.2256025853188144E-5 7.539105598676781E-6 4.391461747772687E-6 4.621601211539339E-6 0.9999404800784393 1.5734832614220503E-6 6.358206650353984E-6 1.0578354835927084E-5 3.464570852455181E-6	
http://guava.iis.sinica.edu.tw/r4r	0.005771709303634664 3.762675320450713E-9 0.0020712873471120585 0.025185580554480332 1.418859998169852E-9 0.42522111645123445 0.5375827478326595 9.964749240782313E-4 4.851771965775562E-4 0.0026859012086879234	
http://reegle.info/schema	0.01414571610454803 1.212522022652357E-5 0.0011506382011995534 0.15596747056045232 4.6358226737902456E-8 0.010904838249397523 0.8157251237231116 0.0010116449950576406 5.664849695242592E-4 5.159116182559626E-4	
http://purl.org/net/p-plan#	1.2573127520847206E-6 1.763701597242954E-6 0.9917795275969923 2.1307868266843487E-4 4.904122598773082E-4 0.0010513872574241874 1.7421672372316783E-4 3.9639090591876794E-4 6.716729779977866E-4 0.005220292581048774	
http://purl.org/essglobal/vocab/	0.00277943934565698 0.003192750470334246 0.00654465527046787 0.02599817464689433 5.646172294648341E-7 9.764300869808097E-4 0.9594222864310046 8.463366290581744E-4 2.3893923859412406E-4 4.232637794696952E-7	
http://linkedgeodata.org/ontology	0.0017580729866483358 0.0011473058971216323 0.008618040860692608 0.9177083428157181 9.343122673130264E-7 0.009396649159898011 0.05578884827836292 2.2925611671761122E-4 0.005072693793799175 2.7985577877490526E-4	
http://purl.org/vocab/frbr/core	0.0012772246073935731 2.305023463218216E-9 0.048103969373334075 0.04705715024832075 0.00864866897549168 0.05557607179390597 0.8155832141603065 0.014010200367125487 0.0023940141850429596 0.007349483984055257	
http://purl.org/ontology/ecpo	4.7075864699789094E-8 6.603589888430292E-8 4.0620966449968485E-8 0.9999996815010047 2.4901350074208154E-8 2.1464912565539284E-8 8.477983221647715E-9 3.425824133187985E-8 5.6996548365296126E-8 1.8667229755452884E-8	
http://www.w3.org/ns/rdfa#	1.1660475884942958E-6 4.468043181702022E-4 1.0061627178460652E-6 7.742289483695261E-4 0.9422533982145449 4.099464625691317E-5 0.054824867358100306 8.485609334176089E-7 1.4117783751330602E-6 0.0016552739649432625	
http://www.eclap.eu/schema/eclap/	8.811932501622455E-4 3.800876186738138E-4 0.04390443015630923 0.21043283529884668 0.001874194100829961 0.026854651394217038 0.6692161154437885 0.002278352703295455 0.0026908474743650677 0.04148729255951191	
http://ns.inria.fr/ast/sql#	1.7486165756772166E-4 1.6164046377150074E-7 7.250063624603794E-5 4.5273896863443286E-4 3.5606816859507835E-5 0.05316871700725925 0.06114277155070553 0.009520721901537396 0.8754076997300994 2.4220090626361943E-5	
http://rdfs.org/scot/ns#	7.99983862101905E-7 1.1221812655747607E-6 0.9956786318081545 4.020892384587118E-7 0.004316667142580679 3.6476406250561674E-7 1.440706358500362E-7 5.821675371078024E-7 9.685710327048308E-7 3.172216304415052E-7	
http://purl.org/spar/scoro/	6.017569653951571E-4 7.81199724579646E-8 0.008889236336957223 0.05989985919903288 4.862306651990073E-4 0.03894964700692687 0.8705978190517526 0.003967609713980146 0.00649729733881954 0.010110465601964082	
http://purl.oclc.org/NET/ssnx/cf/cf-feature	0.012923509012525407 0.002158727185426946 0.03890378282068844 0.0275059080133662 0.0016648504864222099 0.5278055730322331 0.32240532874245936 0.06345007064785564 0.002915462390136234 2.6678766888639944E-4	
http://www.bbc.co.uk/ontologies/cms	0.02880663835277989 2.6641611070029024E-8 1.6388176851273307E-8 0.19689678100438118 1.0046233866794366E-8 0.032041034812641984 0.643010670199961 1.3821190548283558E-8 4.2277669611942434E-4 0.09882203203690422	
http://www.w3.org/ns/dcat	0.006679937333526355 0.1093048305769666 2.38362566049951E-7 2.1481433832445343E-4 3.788434664244349E-6 0.06391430148873152 0.7774222094529332 0.004338477116713546 0.03769451207489457 4.2689082067958985E-4	
http://www.opmw.org/ontology/	8.570820363812036E-4 1.5132029733983277E-9 0.012729682452947422 0.010056166422892891 0.002110311199489572 0.13172119743461183 0.8263085365678674 0.010352684287990754 0.003941322135955662 0.0019230159486600495	
http://purl.org/ontology/ao/core#	5.261021221502179E-4 3.1201396759282892E-9 0.013076873220174508 0.04083809770323076 0.0041302221708211405 0.06914678908593176 0.8541392385299508 7.879642517593567E-4 0.0030692429874953527 0.014285466808346496	
http://sw-portal.deri.org/ontologies/swportal	2.2577897297811652E-5 5.136829175210108E-7 1.6587772271146919E-4 0.001623906605676658 0.0034028475584292265 2.445790025205153E-4 0.9478368025053299 6.442579266388872E-6 0.036501752987055464 0.01019469945879456	
http://purl.org/lobid/lv	4.337969241791604E-6 6.085107518278891E-6 3.7431601980239645E-6 2.1803574190939264E-6 2.2946214878870613E-6 1.9779590047014613E-6 0.9125888415930635 3.1568447679779824E-6 5.25214513368354E-6 0.08738213024216507	
http://purl.org/swan/2.0/discourse-relationships/	7.868014974071221E-6 0.9999538499972844 6.789176881354843E-6 3.954634960752547E-6 4.1618820282516666E-6 3.587533751314168E-6 1.4169659838058723E-6 5.725744126071972E-6 9.526106400134454E-6 3.1199436096813564E-6	
http://ns.inria.fr/nicetag/2010/09/09/voc	9.520947787359037E-4 4.99245735300477E-6 5.376111452047053E-4 0.08892130830566279 1.9492314075718952E-4 0.002252821718944356 0.9049604622495403 2.5899974366671475E-6 0.002127672655103056 4.5523551262105663E-5	
http://rdvocab.info/ElementsGr3	0.007993935549823401 1.0943873945424974E-9 0.27471791226840214 0.005084833778658087 0.05844949893149093 0.060127566675818284 0.5845429629817076 5.677485747334331E-10 0.009083287842598993 3.0936477401767275E-10	
https://raw.githubusercontent.com/airs-linked-data/lov/latest/src/airs_vocabulary.ttl#	0.012865265390110967 4.1862170773320954E-4 0.01127553384246597 0.03423806761452122 7.599602697160257E-6 0.04052488408703396 0.8979664946261586 9.124280003308664E-4 0.0010586310169773318 7.324741119706296E-4	
http://purl.org/linked-data/sdmx/2009/code	0.027492259427746513 1.811375043768628E-9 0.006012437286794169 1.453902293840668E-5 6.830479306353258E-10 0.8902379403829873 0.04393535905046839 0.01634943265827209 0.015958029164325302 5.120450343920451E-10	
http://purl.org/spar/fabio/	0.003921151518628873 4.849973041752838E-8 0.002287804257169828 0.02572248737102161 2.7918211903749996E-4 0.02114940250667646 0.9297758883888612 4.4757010297897566E-4 0.003986874031111421 0.012429591204782976	
http://rdf.myexperiment.org/ontologies/base/	0.0036682845428946762 0.0039114453539899575 0.03021379846906393 0.016270030803651834 0.0033872799833349777 0.006767698723281146 0.9189484830785597 0.009101017144605494 2.5975323913934124E-4 0.007472208661478943	
http://dati.camera.it/ocd/	0.0031327112394756267 0.0021925368947655027 0.2893108071643801 0.07313667965939323 0.009124872211391199 0.08544125980139361 0.5073809193538408 0.009618987839163736 0.005782378189778776 0.014878847646417514	
http://www.wsmo.org/ns/wsmo-lite#	1.0115739313036647E-6 1.4189902674663957E-6 3.530098910490219E-5 0.01731890122783298 5.350843101868375E-7 5.371397257186815E-4 0.9746215562041523 7.361467300630306E-7 1.1233124351599863E-4 0.0073710688144361936	
http://data.press.net/ontology/stuff/	2.9486923381849024E-9 4.136292563653522E-9 0.2011533344606387 2.667886299875697E-5 1.5597466056657817E-9 1.586642523093112E-5 0.7987702869447957 6.654232728170135E-6 8.928806334951623E-6 1.8241622541239144E-5	
http://purl.org/ontology/po/	2.728496455429794E-4 1.2365237731490192E-8 0.004864000443267202 0.12270733326631308 0.003017808431665563 0.028143243178829942 0.7900623575213567 4.0814721087334486E-4 0.002095061745971805 0.04842918619094149	
http://salt.semanticauthoring.org/ontologies/sao	4.997567113644956E-6 7.0103616511085445E-6 4.312316031780656E-6 2.511885614282341E-6 0.0541653698376193 2.2787120708009876E-6 0.02518779490493493 3.636850036496136E-6 6.050745483236004E-6 0.9206160368194445	
http://www.ontologydesignpatterns.org/ont/dul/ontopic.owl	2.8415963496983266E-4 1.6999848196036463E-8 0.009788293700106511 0.013402594843777116 0.11489276583373068 0.04909572564533643 0.7995335126775803 0.0013732188624610065 0.0016292377060536168 0.010000474096136153	
http://mex.aksw.org/mex-perf	5.378474160064396E-4 1.346911701314451E-7 0.005167752288423653 0.010994882868256603 7.210569424255117E-4 0.0901120750629213 0.8239799583257932 0.004413350940430022 0.0013018042316782252 0.06277113723289476	
http://www.ontologydesignpatterns.org/ont/dul/IOLite.owl	4.208977096455165E-4 9.585424877991706E-9 0.014603853320124269 0.00804622539177323 0.08604652480953645 0.06916108365081969 0.8171781644277302 0.002043425603248147 0.0013363977574348848 0.0011634177442627644	
http://www.aktors.org/ontology/support	0.13810347430698253 1.4733278569259893E-6 9.062949464934256E-7 0.8618889816690445 5.555743672646187E-7 4.7890396229326E-7 1.677451137695357E-6 7.643360980363628E-7 1.2716507819836984E-6 4.1648482227117914E-7	
http://securitytoolbox.appspot.com/securityAlgorithms#	0.971967161150672 8.058127882575749E-7 4.956833296706633E-7 2.887311170756608E-7 3.038623941476384E-7 1.822977233949815E-4 0.02511988459916272 4.180412387027419E-7 0.002728116606280234 2.2778962219687289E-7	
http://contextus.net/ontology/ontomedia/ext/common/trait#	0.0018591549659332008 2.2545563247781215E-7 0.5560985347217138 0.01418271495764525 9.641640242778751E-4 0.012311573451810586 0.39201903745489836 0.022562808377898105 1.7228577028773393E-6 6.373248736263782E-8	
http://purl.org/spar/biro	3.221784690143945E-4 7.156383471459589E-9 0.03447954701955951 0.04199589701165045 0.0027227961775547543 0.0833973447172776 0.7599680930320657 0.0029594586166905505 0.009090591174293845 0.06506408662550967	
http://ontologi.es/doap-bugs#	4.6601891920150367E-7 6.537103125521664E-7 4.0211983364842287E-7 2.3423121541071194E-7 1.650790928215703E-6 1.8541752023641623E-4 0.9441396611504411 3.3913319916773524E-7 3.219900646040535E-4 0.05534918526031027	
http://kmi.open.ac.uk/projects/smartproducts/ontologies/food.owl	0.00664083655985658 1.3274792176212234E-4 0.0536956723369231 0.020212553486492486 0.0029334874844295965 0.3178566157014681 0.563483829978747 0.028750139184589844 0.005931818945959952 3.6229839977066925E-4	
http://www.w3.org/1999/02/22-rdf-syntax-ns#	6.816506340624099E-8 9.561887526108032E-8 5.881847888175478E-8 0.0020910492215716818 2.1647686533122605E-6 0.032119667444499886 0.17311879601094593 0.12912991508791188 0.6629529835679701 5.852012960299016E-4	
