http://lod.geodan.nl/vocab/bag	4.953873940104032E-7 3.677809558539173E-7 0.9999749573289802 2.1488150300254154E-5 4.1000563867246704E-7 4.01592043696526E-7 6.047995714266261E-7 2.0239767449767732E-7 3.012114803833764E-7 7.713459607623599E-7	
http://www.w3.org/ns/auth/cert#	3.3331944726922156E-5 0.9997629861498672 8.280260275910937E-6 1.4315066215220055E-5 2.7587067113924368E-5 2.7020961706149522E-5 4.0693699777986606E-5 1.3618247417641168E-5 2.0266895235211126E-5 5.189970766378791E-5	
http://purl.org/dc/dcam/	9.283006067836347E-6 6.891804042867649E-6 2.306067258129742E-6 4.842162330333639E-4 7.683047404237539E-6 7.525386038287768E-6 1.1333267982310203E-5 0.9994506626605263 5.644366477444382E-6 1.4454161169082299E-5	
http://purl.org/rss/1.0	5.105817806772193E-7 0.008674038261141742 1.2683778491720295E-7 2.1927949474774812E-7 0.9913227537202242 4.1390956503037263E-7 6.233498184762873E-7 2.0860556061663152E-7 3.104501565321138E-7 7.950044731173674E-7	
http://data.lirmm.fr/ontologies/oan	4.4303757246981244E-8 3.289158825037138E-8 0.11992644024099995 0.8800732418691525 3.666784925346126E-8 3.5915400010918185E-8 5.408876713362802E-8 1.8100939884050244E-8 2.6938110392507717E-8 6.898343521098452E-8	
http://data.lirmm.fr/ontologies/vdpp	8.117767898812465E-6 6.026718631364278E-6 0.9995972422204905 2.137802894364337E-4 1.3744924392142979E-4 6.580771009021051E-6 9.910673152977926E-6 3.3166313166156886E-6 4.935864165648519E-6 1.2639819976977145E-5	
http://purl.org/ctic/sector-publico/elecciones	2.3950888586630908E-4 1.7781398566950232E-4 5.949835599495223E-5 1.0286185184810218E-4 1.9822868911211102E-4 1.9416090139045633E-4 2.9240726202607093E-4 0.9982169621861957 1.456291115781785E-4 3.7292877031867085E-4	
http://www.w3.org/2003/g/data-view	1.3432812717648969E-6 9.972665354096285E-7 3.336954577686611E-7 0.20837643902379938 1.1117620319082329E-6 1.0889479177502138E-6 1.6399608615227739E-6 0.7916141377395857 8.167582488606324E-7 2.091564290232666E-6	
http://www.w3.org/2004/03/trix/swp-1	2.3719228059772335E-6 0.9720362849171957 5.892286918379887E-7 1.018669396674292E-6 1.9631135888897137E-6 1.922829160894618E-6 2.895790070269622E-6 9.69083319079605E-7 0.027948291228911182 3.6932168596769745E-6	
http://www.w3.org/ns/regorg	2.125402491805007E-4 0.0010625567568891253 0.9469791264400671 0.0016169393434268637 0.0035242085861968667 0.001822403039635918 0.04477293003040504 1.4756586564034177E-6 2.1960989894719287E-6 5.623796552533264E-6	
http://www.w3.org/ns/radion#	1.9683000474436336E-6 1.461287230173096E-6 4.889614700685986E-7 8.453255800528915E-7 1.62905662882941E-6 1.5956272771936103E-6 0.07333068732057234 0.0026110651498900015 1.196789781688947E-6 0.9240490621815223	
http://semweb.mmlab.be/ns/oh	0.8245202107155546 1.1050101876054579E-6 0.002406583093978917 6.392264015687668E-7 0.13992791693312817 1.2065967323284142E-6 1.8171405486022212E-6 6.081105851397626E-7 9.04999971177293E-7 0.033139008172911856	
http://vocab.deri.ie/c4n	2.9900039933093997E-5 2.2198112829719434E-5 7.427712812273413E-6 1.2841166484182139E-5 0.9997899379858401 2.4238844767791554E-5 3.650381813469096E-5 1.2216093148544723E-5 1.81801866592919E-5 4.655603939033818E-5	
http://www.w3.org/ns/hydra/core	2.0453640681845545E-7 0.0012583380707116114 0.001067962321200045 4.254095960076024E-5 0.9939031360697416 1.6581001983034416E-7 2.4971069647837294E-7 0.00372695968224521 1.2436471867265496E-7 3.184746586929689E-7	
http://labs.mondeca.com/vocab/endpointStatus	0.9993286421297495 7.272937804677641E-5 2.4335984652869508E-5 4.2072497736803406E-5 8.107938875487658E-5 7.941558447138147E-5 1.1960025654587446E-4 4.0024522069535485E-5 5.956513865153255E-5 1.5253511932092096E-4	
http://purl.org/ctic/dcat#	7.689136342366676E-6 5.708497930868468E-6 1.9101210785441307E-6 3.302252442232396E-6 0.006723761557274579 6.233295427633383E-6 9.387373237048098E-6 0.9932253601072835 4.675242383146409E-6 1.1972416599908576E-5	
http://purl.org/cld/cdtype/	1.102276148380487E-5 8.183417268341639E-6 2.7382540920713465E-6 0.9989614432933798 9.658505039385953E-4 8.935740725303126E-6 1.3457269001889672E-5 4.503508401382173E-6 6.702193767126827E-6 1.71630579416828E-5	
http://vocab.deri.ie/csp	1.1565539777610823E-6 8.586381740442278E-7 2.8730900754395195E-7 4.967050950301638E-7 0.9999918746577396 9.375750800083244E-7 1.4119926315019893E-6 4.7252683124384395E-7 7.032220439936798E-7 1.8008194191774619E-6	
http://purl.org/ctic/empleo/oferta	2.31082109648511E-5 1.7155785592211567E-5 0.9980794751300288 0.0010925949757578074 1.912542973393246E-5 1.873296288873701E-5 2.8211933240441947E-5 6.715642550467323E-4 1.4050536040866633E-5 3.598078070555032E-5	
http://data.press.net/ontology/classification/	8.376576342686906E-7 6.218860817503976E-7 2.0808936564227396E-7 3.597487214886588E-7 0.9999941150563605 6.790577340708353E-7 1.022664250914117E-6 3.4223712442236363E-7 5.093228029682373E-7 1.3042799241704965E-6	
http://purl.org/ctic/infraestructuras/organizacion	7.988845249078097E-6 5.931005062703042E-6 7.057445487416102E-4 6.911158115720147E-4 6.611939742929719E-6 6.4762582357620115E-6 0.9985555710780651 3.263958106090339E-6 4.8574750450310875E-6 1.2439080179546419E-5	
http://purl.org/ontology/dso	1.4105526973328362E-5 1.0472095688742887E-5 3.5040690132221405E-6 6.057898939832225E-6 1.167438991269478E-5 1.1434823479816786E-5 1.7220899787443024E-5 5.763016765230741E-6 8.57661440842933E-6 0.9999111906650313	
http://zbw.eu/namespaces/zbw-extensions	7.932382657900309E-6 5.889086624720101E-6 1.97054787992869E-6 3.406719407541496E-6 6.5652086774305726E-6 6.430486123557207E-6 9.684343384380422E-6 0.9999409469165146 4.823143972257391E-6 1.2351164757866856E-5	
http://purl.org/prog/	1.7881431002540008E-6 1.3275367653000733E-6 0.005138439483762781 7.679535980314383E-7 1.479950363537128E-6 0.06499177568398709 0.9298598191890637 7.305716890181434E-7 1.0872485591619976E-6 2.784239111294467E-6	
http://www.w3.org/2003/06/sw-vocab-status/ns	1.0053543630508987E-6 7.463859457978071E-7 0.9999923545772768 4.317694150383561E-7 8.320780114686946E-7 8.150032039134828E-7 1.2273987898293253E-6 4.1075204494065576E-7 6.112878116516793E-7 1.5653931376740697E-6	
http://www.w3.org/2004/03/trix/rdfg-1/	1.4167195658007488E-5 1.0517879186812817E-5 0.9998922626651946 6.084383782280501E-6 1.1725429783215637E-5 1.1484815977429365E-5 1.729618873204543E-5 5.788212397011641E-6 8.614110953618174E-6 2.2059118334982567E-5	
http://www.w3.org/2004/09/fresnel	2.0632197145426613E-5 1.5317566169946005E-5 5.125412388256238E-6 8.860907178443192E-6 1.707616558294829E-5 1.6725751033962526E-5 2.5189062422693837E-5 0.999846402409835 1.2545039944244348E-5 3.212548829904885E-5	
http://inference-web.org/2.0/ds.owl	7.914817300560875E-6 5.876045913570967E-6 4.998738343994508E-4 0.3140630156828615 0.6853868704833709 6.416246544921393E-6 9.66289850968379E-6 3.233712918568663E-6 4.81246366962627E-6 1.2323814511177225E-5	
http://purl.org/ontology/olo/core#	1.4299762108891164E-8 1.0616297952832398E-8 0.00912694739612165 6.1413170796882495E-9 0.9908729556935628 1.1592282644081872E-8 1.7458034054815817E-8 5.84237433512245E-9 8.694715622615875E-9 2.226553173519835E-8	
http://ontologi.es/doap-deps#	1.0500668274295327E-5 2.0601515120824207E-4 2.6085566592200023E-6 4.509720716330923E-6 0.9995971072866001 8.512499275193455E-6 1.2819865319087255E-5 1.3519137812809877E-4 6.384744291351159E-6 1.635012952815078E-5	
http://data.press.net/ontology/identifier/	4.7960657477332204E-8 3.560651050806743E-8 1.4587088659825213E-5 2.0597657686590544E-8 0.9615833911669057 3.887991233976864E-8 0.03590700190504548 0.002494772955593499 2.9161623435666E-8 7.467743400000683E-8	
http://purl.org/vocab/changeset/schema	3.884133014017911E-7 2.883622332402883E-7 2.1324083352588867E-6 1.6681181293175284E-7 0.9491140369980954 4.0444100394866476E-4 0.04757886353727066 1.5869186397996443E-7 0.0028989189918404517 6.04781297960022E-7	
http://data.press.net/ontology/tag/	3.4066523972540836E-6 2.5291355615274993E-6 8.462743098225596E-7 1.6861251485986427E-4 0.9998089171849324 2.761645764341365E-6 4.159051955640782E-6 1.3918370377662145E-6 2.071354306013955E-6 5.304348875474544E-6	
http://www.w3.org/ns/adms	1.938680895186421E-7 1.439297651390008E-7 5.9074241337918756E-5 3.562715486317776E-5 0.9998964326543806 1.5716161375656145E-7 2.366861548594658E-7 7.714562266477051E-6 1.1787803837774039E-7 3.0186349022797255E-7	
http://vocab.deri.ie/ppo	1.97709112966464E-5 1.4678138246349734E-5 4.911453345113495E-6 8.491010850565196E-6 1.6363325371876478E-5 1.6027538789564397E-5 2.4137551386046118E-5 0.9998528143023679 1.2021350426341733E-5 3.078441791948152E-5	
http://open-multinet.info/ontology/omn-lifecycle	1.2082238676542366E-4 8.969984587901329E-5 3.0014474635991772E-5 5.188957563076083E-5 9.999822452213843E-5 0.9991491131849438 1.4750744289818512E-4 4.936373110064878E-5 7.346390001256645E-5 1.8812723361147945E-4	
http://purl.org/reco#	9.938316118205358E-6 7.378313307373344E-6 2.4688581730592584E-6 4.26820740480195E-6 0.005397438793529128 0.9792765114776403 1.2133311024193536E-5 4.0604425850717275E-6 0.015270327764541384 1.5474515676505435E-5	
http://rdf.insee.fr/def/demo	5.807204437800455E-6 4.31133134350308E-6 1.4426150233464925E-6 2.494019377911931E-6 0.9991695332993603 2.844285321836603E-4 5.170372707577185E-4 2.3726172441092044E-6 3.5309672122219046E-6 9.042143059305553E-6	
http://www.holygoat.co.uk/owl/redwood/0.1/tags/	7.969457134564485E-6 5.9166111169259895E-6 1.9797578530907007E-6 3.422641778488958E-6 0.9999440107698454 6.460541016016247E-6 9.729606198631387E-6 3.2560368118913045E-6 4.84568644736975E-6 1.2408891797690747E-5	
http://purl.org/wai#	3.0526313591595676E-5 2.2663065163054423E-5 7.583290560251386E-6 1.3110132155514796E-5 2.5264996347838754E-5 0.9997850196603234 3.726841175341685E-5 1.2471966296736359E-5 1.8560981201266946E-5 4.753118260685489E-5	
http://purl.org/net/ns/ontology-annot	6.09482824058872E-7 4.524866363559697E-7 0.01663805135929162 2.6175451372313933E-7 0.9833578181403309 4.940849441691535E-7 7.440943294874284E-7 2.490130102769675E-7 3.7058517419431635E-7 9.489989454232544E-7	
http://www.w3.org/ns/locn	3.7072183870640058E-6 2.7522790011184354E-6 9.209403590465875E-7 9.963201310540004E-5 1.9200435337922124E-4 7.035857650993402E-4 4.526001506679706E-6 0.0021999642173147274 2.254108102009095E-6 0.9967906531037454	
http://rdaregistry.info/Elements/m	1.2240698013731385E-4 0.011029563500432321 0.2533560369158389 0.628091955560541 6.157559926212568E-4 3.126333665142327E-4 1.6944888903716245E-5 0.10437471877851824 0.00191567196568359 1.6431205080933085E-4	
http://purl.org/ctic/infraestructuras/localizacion	4.047328182439699E-7 1.0688692696389867E-5 2.47103001353094E-5 2.4221447020387843E-5 0.004711169038097949 1.194320279249497E-4 0.9951083321195869 1.653594382818516E-7 2.4609058045680105E-7 6.30191701111184E-7	
http://ns.nature.com/terms/	0.007597395644757959 0.0048248500772695695 0.6225810370228365 0.14990769223943612 6.363118689622432E-6 0.006489386955458133 1.460886619780682E-4 0.19956191462745126 0.004059498439576031 0.004825773212547022	
http://purl.org/uco/ns#	0.0012695208830941732 0.001467121196225792 0.9005198748318233 0.06546252095550062 0.0036658465561739506 7.639448615708503E-4 1.2982263255981073E-5 0.02095245615417065 2.8678112443150417E-4 0.005598951173752964	
http://contextus.net/ontology/ontomedia/ext/common/being#	0.0014710292692022404 0.010325524306429893 0.8736821403698515 0.09864293828952583 1.260898205985793E-4 0.002495786056604394 4.981966787879179E-6 0.012289939274010056 9.615204078309909E-4 5.0239158657955204E-8	
http://salt.semanticauthoring.org/ontologies/sro	1.9446996780347647E-5 1.4437660608324061E-5 0.999852111338499 8.351899322963794E-6 1.6095238658859383E-5 1.5764953398502436E-5 2.374209650971102E-5 7.945351399522137E-6 1.1824399974732212E-5 3.0280064847925384E-5	
http://def.seegrid.csiro.au/isotc211/iso19103/2005/basic	0.0019232215015564309 2.944150005855888E-4 0.06425946256647927 0.003954485000655857 9.330727202626144E-4 0.13883002461607336 3.180521123013228E-9 0.7526543436316299 1.5840114992039779E-9 0.03715097019822427	
http://www.w3.org/TR/2003/PR-owl-guide-20031215/food	1.5427309063662578E-7 0.00521579526942041 1.5684698378871166E-4 0.006197520739921053 1.276835822251799E-7 0.9865682425046478 2.146514000288062E-5 1.1482038519348616E-5 2.0025813557769838E-4 0.0016281072314503484	
http://www.w3.org/2006/time-entry	0.7012432397181826 4.722331956390742E-5 0.15061939100673058 0.0023128865253308735 1.4259536012138146E-5 0.0019193450185273021 7.141178814761802E-8 0.04114153802231854 1.860911587037632E-4 0.10251595428284208	
http://www.w3.org/2006/time	0.9432402972479034 1.1156126593347636E-5 0.01760089976745482 1.2548958318207983E-4 6.771513817466978E-9 1.3415740233581227E-4 3.625331124891797E-6 0.0027719372258997736 4.9747064650130285E-9 0.03611242556928568	
http://www.essepuntato.it/2012/04/tvc	0.9075102165176627 5.194720449339502E-4 0.04772882413811953 0.0026828740611936934 1.583174976254643E-5 2.658540039042372E-4 0.0011030071787122846 0.014645627067633208 2.476676565247041E-6 0.025525816561511927	
http://owlrep.eu01.aws.af.cm/fridge	0.003403954982331124 0.004250311891397007 0.819484943400806 0.012493351707190152 3.791953240415995E-5 0.028522879863890616 9.47441386723493E-6 0.10988151720789041 0.004713607561140579 0.017202039439082484	
http://securitytoolbox.appspot.com/stac	5.137940531167062E-6 8.06998495447386E-8 0.07521219708263358 0.013460676185098467 2.4830397388026458E-5 3.625767246254136E-4 1.3270734561426658E-7 0.03792329365745195 0.8730109053535094 1.692515666993614E-7	
http://contextus.net/ontology/ontomedia/core/space#	3.6300274778961514E-7 0.1414468657164111 0.02502606147093496 0.028398852135794444 0.787805518985483 4.3638047560377505E-4 4.431762070337152E-7 0.013275676409705256 2.207173544723817E-7 0.003609617909757393	
http://spinrdf.org/sp	2.4232826462267047E-4 1.118680764122524E-8 0.5289449874498873 0.03818234088633218 2.2838046613083752E-4 0.001263431769280723 1.8396212091341945E-8 0.3979855187289274 0.03315295938973905 2.3462060094574323E-8	
http://purl.org/net/cartCoord#	2.0478273192091337E-4 0.013324229630062067 5.452499935533362E-4 3.008081215319251E-4 0.9845654338555039 1.5067411864338058E-4 9.451194330529237E-5 8.13280403228126E-4 2.8903583317031035E-7 7.401664177864004E-7	
http://www.ontotext.com/proton/protontop	0.013395686750224749 0.007824587274472826 0.833552476230015 0.05234465702039822 7.068111545528077E-4 0.008393573657635895 2.5023769334216576E-5 0.08223184773494369 2.1266837647987397E-4 0.0013126680319427953	
http://www.w3.org/2006/gen/ont	0.032118843766630274 0.001198654554413119 0.766444925693318 0.013794075894535315 1.9752129658509065E-10 0.00391946891275181 2.9136378687154E-10 0.14154755277184072 1.4510942421249777E-10 0.040976477772515896	
http://commontag.org/ns#	6.855416421161996E-4 0.0013049135952804916 0.007754454729824705 0.2198218786140239 0.7619189280035094 6.608286957025186E-5 0.00807230704713215 3.732866067496822E-4 7.321059982499529E-7 1.8747857946225956E-6	
http://purl.org/spar/doco	5.568223029923053E-4 0.0031100263066294632 0.3404221744502207 0.5350441992764805 0.08574780032070813 4.5554051960153844E-4 2.922469765142187E-5 0.01485472445741104 0.019779277115799195 2.1055250572778164E-7	
http://www.linkedmodel.org/schema/vaem	0.001915462836651227 0.0029954005402347533 0.3277380016724757 0.1489953519245392 1.0843119026107519E-5 0.0017225116291934588 9.438683750605394E-6 0.45925101123733575 0.057361850482835736 1.2787395728368978E-7	
http://purl.org/biotop/biotop.owl	6.569770392432103E-4 0.8663409256710669 0.08860810889589653 0.034555943904615694 0.0012887015318172334 0.0033726436109826796 1.8154006199766513E-5 0.0036862346756595154 2.8441005143486E-5 0.0014438696593797747	
http://purl.org/wf4ever/wfdesc	3.3255489495674103E-4 1.09271027415746E-6 0.07743371786152897 6.103076598077549E-4 0.0018002378422483543 0.0031578673586203205 4.208528262965981E-4 0.9152174844771231 0.0010235926309697765 2.2917381741475237E-6	
http://resource.geosciml.org/ontology/timescale/thors	4.159232437155048E-4 6.419105922273584E-5 0.014785646844395598 8.503335220147462E-4 2.0148428655865166E-4 0.02977257844743031 0.0034702897221590375 0.9160106297418051 4.521487604784639E-9 0.03442891861121078	
http://code-research.eu/ontology/visual-analytics	3.5833176193023418E-6 1.2069903011689845E-6 0.33806387309998365 0.04194320656433332 3.1719441863495722E-6 0.001930883058207203 6.466583046653206E-7 0.6160953744183532 0.0019572292171885514 8.247315224123706E-7	
http://def.seegrid.csiro.au/isotc211/iso19156/2011/sampling	2.8927667098513837E-4 7.360996714041439E-4 0.13891485538136256 0.019647178913541848 2.2290806246656904E-4 0.007866712590266372 4.376951391800975E-5 0.8267122928477465 6.029360929817299E-4 0.00496397025532711	
http://purl.org/linked-data/api/vocab#	3.178587799505446E-9 4.610435133904692E-6 0.07672262221157511 0.007861993094564496 1.9928466791543735E-5 2.5767623195624327E-9 3.88061658840359E-9 0.9152618269223345 1.2900428439430265E-4 4.949239503711625E-9	
http://reference.data.gov.uk/def/payment#	2.0427449720846267E-6 1.5165559468864694E-6 0.8478009259457381 0.003094760169213317 0.14026095056686247 1.6559769949920053E-6 2.4939094102679817E-6 0.007076406060192835 0.0017560674021618206 3.1806685073863763E-6	
http://data.archiveshub.ac.uk/def/	0.0013591523422583796 0.004493270692131511 0.9083414067129524 0.06567947062038698 6.537906962854115E-4 5.296155347417244E-5 5.835151884326084E-7 0.019289540835768577 2.9061110827075723E-7 1.295324204456978E-4	
http://purl.org/dc/elements/1.1/	1.223381471635448E-8 9.082516278212125E-9 0.027370152985720642 5.254054906310265E-9 0.9726297641050089 9.917496314091223E-9 1.4935797694538347E-8 4.998301690280011E-9 7.438553112176455E-9 1.9048735757650254E-8	
http://purl.org/spar/deo	8.618776538465496E-4 0.0049307849069426864 0.22949290477071588 0.7252350675612713 1.2950814991444085E-4 0.00229908786518945 3.454981834493389E-5 0.036770285751097115 2.4480597240347183E-4 1.12755027402382E-6	
http://simile.mit.edu/2003/10/ontologies/vraCore3#	0.0074712076102030475 3.7967043731136944E-4 0.7821681140979841 0.0401074083079526 9.406883881740014E-4 0.0010884121971517148 3.451065789901723E-7 0.16243060126138803 1.7187522686643235E-7 0.005413380718029153	
http://schema.theodi.org/odrs	6.616461977445249E-7 4.912132888033908E-7 0.09174320380675462 0.13144454995809365 0.7354068750107164 0.02270758626088502 8.07778602504249E-7 3.2756562768437977E-4 0.01836722847753246 1.0302202443070146E-6	
http://purl.org/ontology/cco/core#	0.010101142308753983 0.002696454576573502 0.7438890558823834 0.08154686456545815 0.008605483473923824 0.0014674192364173434 9.726981054465995E-6 0.14479239097539 0.006226627948903534 6.648340511418337E-4	
http://purl.org/archival/vocab/arch	4.6731558341208556E-4 0.009362534882650953 0.30892246859662764 0.6798549995607499 1.3225478325063856E-5 0.0013071730832054066 3.41864863402435E-8 3.68148187413422E-5 3.539020922773626E-5 4.360057347428786E-8	
http://www.w3.org/2002/12/cal/ical	8.223155631688039E-7 2.465676971448732E-6 0.47593485003420694 0.024822095911028783 6.435536242321901E-4 6.666204904872582E-7 1.0039337015739504E-6 0.4878600975949223 0.010733163897424264 1.2803914588689791E-6	
http://purl.org/ontology/similarity/	1.1664132764051399E-4 1.2993991300817026E-4 0.40354125736986896 0.14588497111116167 0.45020937198786093 1.357180474524732E-5 1.4318673442451408E-6 5.136599617163252E-5 4.9622455077393324E-5 1.8261671213254322E-6	
http://semanticscience.org/ontology/sio.owl	0.0012992426523851476 0.036438696434141944 0.8663941975138181 0.032685847608122265 0.0013002712845795318 0.0049924509773712385 1.475345059347184E-5 0.05340198792131366 0.002418551693268206 0.001054000464407094	
http://www.sensormeasurement.appspot.com/ont/transport/traffic	0.0025278873677817546 3.7318084454720466E-4 0.09071536260146863 0.07989059742857806 5.3039339857731575E-5 0.02074831768791269 4.392307139971714E-7 0.8052950710888536 1.415302722386299E-4 2.5457413804771424E-4	
http://online-presence.net/opo/ns#	0.014583293067443166 0.0019482418647097204 0.8388884537366753 0.05370362474077227 1.4028296019156998E-6 0.0012616887937669443 2.50427695526459E-9 0.07934810061849526 3.755326852662338E-6 0.010261436517405829	
http://www.bbc.co.uk/ontologies/provenance	0.08517392677272273 5.99573677218159E-9 0.675913911582016 0.23875628572145377 4.946904819911189E-5 2.6194310559238438E-5 9.958322099633265E-7 7.919325177049865E-5 4.9104901175339845E-9 1.2574841811150184E-8	
http://lod.xdams.org/reload/oad	0.025936362532847836 0.007303890602815839 0.633308106276663 0.04718983365367127 0.003769506379623317 0.014538639833354041 4.655765922950462E-4 0.26266754403105164 0.0048205366183914754 3.4792864356357853E-9	
http://data.press.net/ontology/event/	1.1386599535671037E-6 8.45353457069786E-7 0.008690236901747087 4.890201506534663E-7 0.9137667434605574 9.230690634384646E-7 0.07720577408938653 3.313841463632246E-4 6.923419013363335E-7 1.7729574197590447E-6	
http://purl.org/spar/datacite	3.101540981238055E-5 7.746230419496305E-5 0.10272046161452 0.11418244725280174 0.07072122773336832 6.871431857317764E-5 0.005164035508015879 0.7066134010482544 4.1977579025804243E-4 1.459020201068258E-6	
http://def.seegrid.csiro.au/isotc211/iso19115/2003/lineage	0.00195121306513844 0.0015374804463783242 0.2888089118865514 0.010897049693020914 0.0010211570842197637 0.0034677267052883095 6.9307380235094294E-9 0.6901003489789456 0.0018580260208810792 3.5807918883827246E-4	
http://purl.org/spar/pwo	0.0032681696489914058 6.602357989288858E-4 0.8602441775524219 0.03854390664775026 0.028083925842255858 0.0014886484198505365 2.444166345676262E-6 0.06007359981224551 0.004175318986962858 0.0034595731242467545	
http://www.linklion.org/ontology	0.022708146926920858 1.3570120524953385E-6 0.6306405704330262 0.008488494319019407 4.426770667298638E-9 0.003020016769693404 6.529932151798877E-9 0.3123715640212849 0.02275837117199532 1.1468389304558004E-5	
http://archivi.ibc.regione.emilia-romagna.it/ontology/eac-cpf/	0.03956951863822005 0.005642584574766926 0.878453676064748 0.05315945490764178 9.463663593047921E-4 0.0018632533419300583 2.727075884880323E-7 0.02007210228697158 2.927625147066161E-4 8.604121640140841E-9	
http://purl.org/vocab/frbr/extended	5.19900278809742E-6 0.9975962916413876 1.2915266904862764E-6 0.002368972563626974 4.302936417774601E-6 4.214637231588767E-6 6.3472641736643006E-6 2.1241276761187842E-6 3.161161033272556E-6 8.095138974220601E-6	
http://vocab.deri.ie/odapp	1.2082238676542366E-4 8.969984587901329E-5 3.0014474635991772E-5 5.188957563076083E-5 9.999822452213843E-5 0.9991491131849438 1.4750744289818512E-4 4.936373110064878E-5 7.346390001256645E-5 1.8812723361147945E-4	
http://purl.org/openorg/	1.880900570830307E-5 1.3964009140523706E-5 0.9979434381435053 5.756717077788324E-4 1.5567207586362056E-5 1.5247757883274731E-5 2.296319754778372E-5 8.508383939044137E-4 5.142138999840739E-4 2.9286676961245135E-5	
http://purl.org/acco/ns	8.29049483378043E-4 5.612880433979117E-4 0.9433507195946663 0.020886201477960498 0.005570294126684141 8.616742958911642E-4 6.521969067306442E-9 0.024501545435341346 4.990348933571882E-4 0.0029401861273540466	
http://www.w3.org/2000/10/swap/pim/doc	1.6397534909077432E-6 1.2173707154086017E-6 0.036270674008027956 0.005919825195227189 0.9571341535881952 3.667337118004867E-4 2.0019124841224575E-6 3.002042489923598E-4 9.970229005257212E-7 2.553188165767305E-6	
http://purl.oclc.org/NET/ssnx/cf/cf-property	0.003466097995392773 0.010019215913914654 0.4997289428982683 0.033675639986086116 7.037154771563151E-5 0.11462419413845606 3.710131907662549E-6 0.2987221830465233 0.0011094488812635479 0.03858019546047171	
http://purl.org/dqm-vocabulary/v1/dqm	0.0023782670961747065 8.676570838361068E-5 0.7279932684367445 0.014777998562274578 4.046581837793983E-9 0.0029346501478754086 5.969115374034287E-9 0.1466040678971242 0.09631804586600752 0.008906926269718191	
http://dati.cdec.it/lod/shoah/	0.004725862704192322 0.02970109564016487 0.8368023970252927 0.0902026526799375 5.155889982833425E-5 0.0014227421282098749 0.001676466609378234 0.031382336819989844 1.2166923153009606E-4 0.003913218261476498	
http://rdfs.org/sioc/ns#	0.0012088366440947433 7.224001974611798E-7 0.16633408683021417 0.815091647590068 8.053384755866299E-7 7.888123815210295E-7 1.1879552838961335E-6 0.004328695925319857 0.013031713416069495 1.5150878953801526E-6	
http://sensormeasurement.appspot.com/ont/home/homeActivity#	1.9423992127968407E-6 0.0015886568682691783 0.8951307312575009 0.07443463140420323 1.607619893902553E-6 0.028835059988795497 2.371401100719721E-6 7.935952516545956E-7 1.1810412405644593E-6 3.0244245313746697E-6	
http://purl.org/NET/c4dm/event.owl	0.9212889507083262 7.37919268117484E-5 0.03792730401182921 4.454307053793814E-4 1.4139854465200379E-6 1.6996819255591487E-4 3.544968827103618E-6 0.0036856309926593294 3.776594061268664E-6 0.0364001879141039	
http://open-multinet.info/ontology/omn-federation	8.052355438858399E-5 0.001192555060967514 0.004276183166089515 9.97775274158978E-4 5.785930601146562E-6 0.9934206502318655 8.534829811628713E-6 2.8562019348531755E-6 4.2506457408968985E-6 1.0885104441236633E-5	
http://vocab.deri.ie/pdo	0.015212777959085608 0.011960092226657715 0.8909481716295335 0.03232639125407562 8.775393034656567E-4 0.0010600404416521191 1.1266295165298646E-9 0.038361722590664164 0.001050346842400656 0.008202916625835298	
http://def.seegrid.csiro.au/isotc211/iso19150/-2/2012/basic	1.6332669590223627E-8 1.2125550440253045E-8 4.0573316773286E-9 7.014389606452207E-9 0.9999998852552211 1.3240284753027579E-8 1.9939933247902748E-8 6.672948047060669E-9 9.930788803601449E-9 2.543088271765886E-8	
http://www.essepuntato.it/2013/10/vagueness	7.796565425884437E-4 0.005622245569537521 0.8594330031630757 0.09449335560348929 6.453005746318606E-4 3.777010249792825E-8 3.432819245638325E-6 0.03464986641075004 0.004373029000779257 7.25457997902295E-8	
http://id.loc.gov/vocabulary/relators	1.5009251027136235E-8 1.1143030194457535E-8 3.728570477041216E-9 0.8232381333513972 1.2422353955270694E-8 1.2167438790772382E-8 1.8324222009686448E-8 6.132246279525744E-9 0.17676176435124435 2.3370245779016958E-8	
http://purl.org/ontology/service	7.088320855611974E-6 5.262446019410582E-6 1.7608676026703143E-6 3.0442202887986215E-6 5.866623888010205E-6 5.746236769848326E-6 8.653860529035805E-6 2.896035859239328E-6 4.3099272290049556E-6 0.9999553714609584	
http://lod.taxonconcept.org/ontology/sci_people.owl	0.0018338137912996852 0.022655273691450917 0.3872111977361372 0.5576689290192332 9.218486196320083E-4 5.852773003056309E-5 1.368796770296846E-7 0.01142920801253396 0.016766924924653596 0.001454139595351919	
http://purl.org/vocab/vann/	0.007893306114299087 4.609543117307148E-8 0.196703167240795 0.04335010864799898 5.1387616452616866E-8 0.010644976607009443 7.580190484162131E-8 0.7414081336771099 3.775201744830369E-8 9.667581770892651E-8	
http://data.ordnancesurvey.co.uk/ontology/admingeo/	0.0018494477204155449 3.2100751059193825E-4 0.045747789398654905 0.005575132164738359 3.8401351628524394E-4 0.0030172834463171004 1.4139936738565763E-4 0.9395557722540308 0.0020059467743845276 0.0014022078471962757	
http://purl.org/muto/core	1.4135678116665362E-5 2.5735801986549212E-8 0.4897215007975248 0.252614847859147 0.2575301324075535 2.8101763159407832E-8 4.2321392024354564E-8 6.872147934046747E-5 5.051164373552675E-5 5.397562487490395E-8	
http://purl.org/dsnotify/vocab/eventset/	6.073436895687596E-4 2.9611227528934053E-6 0.07779323905483794 9.295399987753811E-4 3.301087253603925E-6 0.9187400201459329 4.869435851384602E-6 0.0019100899601369318 2.4251504973253534E-6 6.210354392773596E-6	
http://www.w3.org/2000/10/swap/pim/contact	1.8480421439332348E-5 0.00342341318565317 0.7576477821951924 0.2352545633468483 2.036488949040242E-5 1.360205323479764E-5 3.920469104761696E-5 0.003582363315001581 6.344117440781025E-8 1.6246091803407077E-7	
http://swrc.ontoware.org/ontology-07	7.540025390991241E-4 0.003187891023525319 0.6136100807967838 0.3455992039225936 3.3641486856342934E-4 0.0022302497459511183 2.2888448474044216E-6 0.03338809986553892 8.740862244565474E-4 1.7682168640710664E-5	
http://www.w3.org/ns/auth/acl	8.421993180151335E-7 0.9829980778056802 7.962317786251453E-5 1.7552775591463742E-4 0.01674205058412911 6.827395073246761E-7 1.0282090193450757E-6 3.440926949106279E-7 5.120842928673332E-7 1.3113515805251695E-6	
http://linkedscience.org/teach/ns#	2.1064482266663236E-6 1.563849931643316E-6 0.47816684462862646 0.3055241538788025 1.4294048020561037E-4 1.7076188423762903E-6 0.20295923709599858 0.010583164566489327 0.0026150015748284752 3.279858048144002E-6	
http://purl.org/net/opmv/ns#	1.0618688164960196E-9 0.008077677344558077 0.8184274493628111 4.1317740781673515E-5 8.788520005914489E-10 8.608173589199012E-10 1.296395130140523E-9 0.15172637953662246 0.02172717026390438 1.6533893118130325E-9	
http://purl.org/vvo/ns#	4.7117496056321283E-4 6.502762146250229E-4 0.9539850541476815 0.021163305472149677 0.0066476312611342386 9.649060448421549E-4 6.774000777866965E-9 0.014846433706007052 5.954565038464467E-4 6.757549151495443E-4	
http://purl.org/ontology/daia	0.019524546142673436 1.1877699459335944E-5 0.24129014074452773 0.09627842015635073 2.1703606132777247E-9 8.505419164048708E-6 3.2015002842441245E-9 0.6428864987883921 1.5944598601322998E-9 4.0831118758999425E-9	
http://www.w3.org/ns/ldp#	9.750625014461573E-6 7.238969403239366E-6 2.4222322949953153E-6 4.187599729488907E-6 8.070070584852418E-6 7.90446723962027E-6 1.1904166115628402E-5 0.99992741090567 5.928693848046269E-6 1.5182270099621098E-5	
http://guava.iis.sinica.edu.tw/r4r	0.010713002559547635 4.0067112925461733E-4 0.39415713776148253 0.024575180929143025 0.004811768800810599 0.001308604368984648 2.5766368688568896E-9 0.5503653313325896 1.2832558790477398E-9 0.013668299258294344	
http://reegle.info/schema	3.138855218797069E-5 3.170017496714475E-4 0.48329685821984203 0.5065386817858515 2.6302619275039304E-4 6.296416513079514E-4 7.910987284246764E-8 0.00655017170082307 0.0015105867263647996 8.625643113281557E-4	
http://purl.org/net/p-plan#	0.0011874627629779606 6.33871645607137E-7 0.2341137321433938 3.6668213164256745E-7 0.2550395689943381 0.49910989804977557 0.0015532055321501254 0.007653361444997163 0.0013404411013767574 1.3294172134216217E-6	
http://purl.org/essglobal/vocab/	0.0019607778195782893 4.37873859907886E-4 0.9204896864839682 0.06645270078165645 7.697055737653207E-7 3.015157152295414E-4 1.1353931683603748E-6 5.717267262867502E-4 5.654657728217173E-7 0.00978324804885796	
http://linkedgeodata.org/ontology	5.329829765147652E-4 0.008114007781602843 0.04230271580595777 0.9438903546993631 3.2973370040265246E-4 7.02530620392933E-4 1.2008841748801674E-6 0.0034543769643517307 2.9581987281193283E-6 6.69138368509804E-4	
http://purl.org/vocab/frbr/core	0.025534696283097368 0.0014968919292994434 0.766237293212259 0.04486007872091281 3.4932674140274053E-4 0.009230424824645669 1.6087791441346238E-9 0.13340636657912078 0.018884918048687322 2.0517959225067286E-9	
http://purl.org/ontology/ecpo	0.9999998378458401 1.7566445137429034E-8 5.8779100103812185E-9 1.016183890384474E-8 1.9583236823815357E-8 1.918137546530575E-8 2.8887244762141367E-8 9.667188005294315E-9 1.4386864955074059E-8 3.6842055810773056E-8	
http://www.w3.org/ns/rdfa#	0.0026157135577260927 1.1723033892063248E-6 9.932636128573407E-4 0.006702377000227424 0.013355237627180558 6.096553982198429E-4 1.927801252590101E-6 5.880684679801518E-4 0.975130125562577 2.4586685897121118E-6	
http://www.eclap.eu/schema/eclap/	0.00805638197416144 0.02238900341569371 0.4711701745441331 0.4026482942533158 0.004166718949300158 0.003175966719924678 4.341856961790551E-6 0.07992998823292585 0.006567842324570094 0.0018912877290133178	
http://ns.inria.fr/ast/sql#	1.1621290444451677E-5 3.691459889233485E-7 0.024152738678991557 6.175563208461177E-4 7.572015371010218E-7 0.005260575433603034 7.164712991573967E-6 0.9698183242455933 1.1335590591473254E-4 1.7537064088191173E-5	
http://rdfs.org/scot/ns#	4.839243654660358E-7 3.5927067956105783E-7 1.2021559896195795E-7 2.0783093790532407E-7 4.005183033137571E-7 3.922993949215605E-7 0.9999967904874587 1.977142886301077E-7 2.942415900727374E-7 7.534973823110161E-7	
http://purl.org/spar/scoro/	0.024222061335946038 0.01168395691391072 0.8335347650736279 0.06066486390175998 5.097940486988679E-4 0.0033445187018205555 3.309231025957456E-5 0.06412653164904102 0.0010635749004664931 8.168411644687057E-4	
http://purl.oclc.org/NET/ssnx/cf/cf-feature	0.005877935342704839 0.016584924011936644 0.6266154791064399 0.04198549720021703 2.039521437558597E-5 0.08300634937467628 5.206181521328731E-6 0.19967566090307323 0.001980863781507877 0.024247688883547388	
http://www.bbc.co.uk/ontologies/cms	2.399229962820101E-5 0.00828091195092035 0.39690490621144614 0.43689787344909714 4.3200721764241255E-5 1.479046798430094E-8 8.831277181114184E-7 0.10836826419781499 0.049479924842791796 2.840835100332996E-8	
http://www.w3.org/ns/dcat	1.1209833121575858E-5 2.7700157577652782E-6 0.24715902784566274 0.008836437526746288 8.131365991295917E-6 0.00313263966151621 2.795456538203402E-7 0.6300776113930485 0.0034805634466357326 0.10729132936586604	
http://www.opmw.org/ontology/	0.0022177950273055977 0.005318770033725093 0.8487246535756048 0.031405861770837054 4.836854156903213E-5 0.008857604581824335 2.4690316510901056E-7 0.09975420247906203 0.0027397579377963412 9.327391491106389E-4	
http://purl.org/ontology/ao/core#	0.01280855698247052 0.0034740004979414924 0.7683704614256638 0.06276457780781204 0.016154826864694043 6.958678688565755E-4 1.742005286234985E-5 0.12794575179083495 0.0065237914193447604 0.0012447452895193618	
http://sw-portal.deri.org/ontologies/swportal	4.6759805558868415E-5 0.005777035672337364 0.9337170036230754 0.007708767446175309 0.047341311652565665 1.363432582305948E-6 3.2543425497505705E-7 7.326769677881325E-4 0.004674340915104565 4.1505055547013013E-7	
http://purl.org/lobid/lv	2.033011160738414E-6 1.5093294601322742E-6 0.005126248182792383 0.8306428701772186 0.1642179769227287 1.6480861579647725E-6 2.482025771318516E-6 8.306160716569177E-7 1.2361362214014764E-6 3.165512417111368E-6	
http://purl.org/swan/2.0/discourse-relationships/	2.7009659362902997E-5 2.0052263052879708E-5 6.709689798204071E-6 1.159983509507629E-5 2.2354449813029082E-5 2.1895721276402597E-5 3.297506275809643E-5 0.9997989250218929 1.6422742241155785E-5 4.2055554709381574E-5	
http://ns.inria.fr/nicetag/2010/09/09/voc	6.488391496541685E-5 1.986848243866177E-6 0.8408716364844162 0.15787710363613944 6.462140579061422E-4 2.1695045218328235E-6 3.267284363841019E-6 3.04201017776409E-4 2.2437024045237825E-4 4.167011214584726E-6	
http://rdvocab.info/ElementsGr3	0.004603836943394665 4.68505885927879E-10 0.6222271921972513 0.008808572951386678 5.22294729849928E-10 5.11576886238669E-10 7.704372793369447E-10 0.2673437590346406 0.09701663561791615 9.825960723409525E-10	
https://raw.githubusercontent.com/airs-linked-data/lov/latest/src/airs_vocabulary.ttl#	0.0015855504775155412 0.001232374486090764 0.6895660458660199 0.21474741867793157 6.502114815384431E-4 0.001735494182170512 1.2516566053237591E-5 0.0854649272370339 0.0026126101960679765 0.0023928508295777877	
http://purl.org/linked-data/sdmx/2009/code	1.7947701459437356E-5 2.987432136408043E-6 4.369794661432924E-5 0.01079890400058354 1.7938925400638025E-6 0.029924050313333447 1.88877373046923E-9 0.7947626547934771 9.406758178116371E-10 0.16444796109040594	
http://purl.org/spar/fabio/	5.264233958909432E-4 7.643222134150278E-4 0.3765972092508972 0.5452840345846208 0.011142371172208346 3.7720129690478946E-4 4.813217271315416E-6 0.06140313045396785 0.003900438926907035 5.5487916515836295E-8	
http://rdf.myexperiment.org/ontologies/base/	0.004892389974929228 0.005406932570582916 0.7795745358825332 0.15713526137836584 0.0012293532990357815 0.0073153499382161875 2.0303217347070255E-9 0.025411213796632817 0.006818481147776879 0.012216479981605332	
http://dati.camera.it/ocd/	0.0344380868000059 0.0033294261079940485 0.47949170428525023 0.09925791307595085 0.005710611034364723 0.007373646731376107 7.305689738264729E-4 0.3557817660051422 0.007039277362160305 0.0068469996239290416	
http://www.wsmo.org/ns/wsmo-lite#	6.770586526540992E-7 1.170796416985019E-5 0.983377283932354 0.016345603385018115 5.603652185270065E-7 5.48866142556841E-7 8.265950807526781E-7 2.613259416093283E-4 4.116734530148999E-7 1.0542183011483284E-6	
http://data.press.net/ontology/stuff/	1.6288975674315005E-5 0.07648726794469392 0.8836881373317251 0.0397898642242447 2.5763458692573477E-6 1.7817145644357442E-6 2.234197170294915E-9 7.178471998228553E-6 6.89990759453981E-6 2.849438134998334E-9	
http://purl.org/ontology/po/	0.007360916423914391 0.009468155857997781 0.5648039219947628 0.35242813061481343 0.0027844533890185237 3.609995942803351E-4 1.9017121640389096E-7 0.04596035641352465 0.016187270017560696 6.456055229107881E-4	
http://salt.semanticauthoring.org/ontologies/sao	2.2916899380855577E-6 1.7013753804405676E-6 0.003989090387120211 0.003093355830946507 0.9695032849395595 1.857787373845079E-6 0.007458219785935358 9.363030221324171E-7 0.015945693610940035 3.5682897837826615E-6	
http://www.ontologydesignpatterns.org/ont/dul/ontopic.owl	0.0031801625072888488 0.007876135579332073 0.7618146979669523 0.05250307268989664 6.605151828791588E-5 0.0010455051394798883 7.211055365046418E-7 0.030439423696212362 0.1429067914074821 1.674383895314134E-4	
http://mex.aksw.org/mex-perf	0.002813137863440077 0.0022182206005804655 0.8160752055882845 0.02260659211518427 0.0539896456338525 0.0040362391141052075 3.1301999630442033E-6 0.09571053122720805 0.0012863862129699375 0.001260911444411549	
http://www.ontologydesignpatterns.org/ont/dul/IOLite.owl	0.0034134799125252577 0.003937981482608604 0.8593421747977603 0.013468522967706552 8.055764808588767E-5 0.0015543314841984762 4.2065663548408894E-7 0.028296282000654694 0.08965991805056465 2.463309992603021E-4	
http://www.aktors.org/ontology/support	0.8983620220553892 3.922369114855353E-7 5.317121993691674E-4 2.2690124697824745E-7 4.372693660310685E-7 4.2829630079937084E-7 6.45016312531367E-7 2.1585630651402326E-7 3.2124083340652683E-7 0.1011035989279639	
http://securitytoolbox.appspot.com/securityAlgorithms#	1.5005224922112137E-6 1.1140041170570295E-6 0.008796348755578975 3.5759070500915004E-4 1.2419021763572378E-6 1.2164174977917397E-6 1.8319306691649408E-6 0.939936566278366 0.05090025308640296 2.3363976907653862E-6	
http://contextus.net/ontology/ontomedia/ext/common/trait#	2.9730384519626084E-7 0.010438997603028872 0.7781359452469635 0.20364650882342505 2.460624844380141E-7 2.4101311465486074E-7 0.0017843636271059919 0.005357134873425421 6.358025278429167E-4 4.6291876394908404E-7	
http://purl.org/spar/biro	0.019902265455225335 0.003751530587323188 0.6770104993394928 0.0669584594586685 0.066155630954095 0.002355242922150029 9.809956433119565E-7 0.15833573033028184 0.005529651425493957 8.53162598682138E-9	
http://ontologi.es/doap-bugs#	2.8911787253360804E-7 2.6758118881510046E-6 0.990229469534469 0.00917548811384686 5.726752689978344E-6 2.3437705259315712E-7 3.5297298137633264E-7 5.730432206958769E-4 1.2269925758113186E-5 4.501727453289256E-7	
http://kmi.open.ac.uk/projects/smartproducts/ontologies/food.owl	0.0030712861201196975 0.011633216949482402 0.786174188115783 0.03469324854160285 9.706794310604759E-5 0.031796663621927804 5.8172774789501896E-5 0.11798013160824983 0.0027872998096086514 0.011708724515330674	
http://www.w3.org/1999/02/22-rdf-syntax-ns#	1.2421855026518597E-7 2.011766441954988E-6 0.034112860317550384 0.002633141349034509 7.5998580563546605E-6 0.11817868650420892 1.516536893590062E-7 0.8450202699934812 4.49609237363712E-5 1.9341525068519451E-7	
