http://lod.geodan.nl/vocab/bag	0.002673536404207005 6.853164048846854E-7 1.5116969353377454E-6 0.9969629334220727 1.581775695906795E-6 3.548483080536579E-4 1.0161547397977902E-6 9.280345607926167E-7 2.11546370560019E-6 8.434236244011516E-7	
http://www.w3.org/ns/auth/cert#	3.8273019197126064E-5 1.668791437518898E-5 3.681083487618644E-5 8.285540490047817E-5 3.85172997259407E-5 7.848133006373425E-6 0.9996843582373622 2.2598264359845886E-5 5.1512960920315565E-5 2.0537931276263977E-5	
http://purl.org/dc/dcam/	1.7773788109324142E-6 7.749779356665587E-7 2.797067219379273E-4 0.9997100431776013 1.7887230697587756E-6 3.6446315455444593E-7 1.1491006153556015E-6 1.04945146945855E-6 2.392234716487523E-6 9.537706885052533E-7	
http://purl.org/rss/1.0	5.342480237585957E-7 2.329443943180433E-7 5.138375857994325E-7 0.11162370999970818 0.879699714342352 8.423109192878676E-6 3.45398926260104E-7 0.008665520370921694 7.190626228854946E-7 2.866862721208522E-7	
http://data.lirmm.fr/ontologies/oan	4.779664861643109E-8 2.0840435279584396E-8 4.597062308548333E-8 1.0347264880262313E-7 4.810171445248266E-8 0.9999995847156312 3.090121137894274E-8 2.8221481440635307E-8 6.433113833060636E-8 2.5648467382832226E-8	
http://data.lirmm.fr/ontologies/vdpp	9.526531124591712E-7 4.153786114467211E-7 9.162579057691085E-7 0.9998675822999807 5.223049918327762E-5 7.493109680348944E-5 6.159037516448083E-7 5.624930389656563E-7 1.2822082914329171E-6 5.112093209326589E-7	
http://purl.org/ctic/sector-publico/elecciones	1.018411627744524E-4 4.440508326495868E-5 0.9991922134872461 2.204709990019909E-4 1.0249117193546232E-4 2.0883196772666567E-5 6.584175646341899E-5 6.013200858906859E-5 1.3707149182716678E-4 5.4649642124747144E-5	
http://www.w3.org/2003/g/data-view	1.6728928137520066E-6 0.007440809787694935 1.608981533842727E-6 3.6215645994536766E-6 1.683570182555569E-6 0.9925453845911817 1.081548935928826E-6 9.87757821146575E-7 2.2516034518947705E-6 8.977017847594977E-7	
http://www.w3.org/2004/03/trix/swp-1	0.9656221711996965 8.237802956736081E-7 0.034364732464785615 4.0900647266354096E-6 1.9013635762632618E-6 3.8741433969053976E-7 1.2214624457174849E-6 1.1155381360142787E-6 2.5428799084115646E-6 1.013832089433488E-6	
http://www.w3.org/ns/regorg	0.9060029366652215 0.0035270740678835333 1.0009786922983384E-6 3.8548084173647894E-5 0.02690286989978577 0.058511976748469106 6.728526193567348E-7 0.0045981275641697435 1.4007662806852044E-6 4.1539237270419926E-4	
http://www.w3.org/ns/radion#	4.031055380972152E-6 0.999965906944856 3.8770527415530135E-6 8.72663648630518E-6 4.056783906204853E-6 8.265942810255829E-7 2.6061344887855456E-6 2.380132455169053E-6 5.425534819663217E-6 2.1631305844676304E-6	
http://semweb.mmlab.be/ns/oh	7.321240857972983E-4 0.021877717314078105 1.3527181723606214E-6 3.044756041642527E-6 0.20555310643010652 1.8982868767987507E-5 9.092900503550607E-7 0.7718101148233021 1.892989349016156E-6 7.54724334656928E-7	
http://vocab.deri.ie/c4n	1.8387547931906338E-5 8.017392719317467E-6 1.7685069140043006E-5 3.980631162590513E-5 1.850490789008669E-5 3.7704870129896543E-6 1.1887810585718542E-5 1.0856908543179657E-5 0.9998612165040552 9.86706049552682E-6	
http://www.w3.org/ns/hydra/core	1.2918858461309217E-7 5.256977489438614E-5 2.516990744817942E-5 0.8853306333732103 0.11326949862055755 4.318968343313725E-5 8.35222526355797E-8 0.001278482725582196 1.7387931890737307E-7 6.932471825114693E-8	
http://labs.mondeca.com/vocab/endpointStatus	4.5268575100937386E-5 1.9738137231357517E-5 4.353913221578244E-5 0.9996953980939713 4.55575053106861E-5 9.282617516306071E-6 2.92667759876521E-5 2.672878306400602E-5 6.0928518026820906E-5 2.4291861575092566E-5	
http://purl.org/ctic/dcat#	7.81429178698439E-7 3.407210483507664E-7 7.515754196539114E-7 0.9953341545461079 7.864167113521988E-7 0.004660747632532359 5.05205049467276E-7 4.6139404544417533E-7 1.051752163500852E-6 4.193277433043763E-7	
http://purl.org/cld/cdtype/	1.085496262100358E-5 0.9987629590487537 1.0440259091421338E-5 2.349938264630931E-5 0.0011561582615413797 2.225881109354577E-6 7.017887324151058E-6 6.409301384409842E-6 1.4610064139628471E-5 5.824951388557461E-6	
http://vocab.deri.ie/csp	5.41231464399512E-7 2.3598933464165835E-7 5.205542307282372E-7 0.9697516075739525 0.03024529528901528 1.1098305304747399E-7 3.499138197022996E-7 3.1956955497477734E-7 7.284618736467694E-7 2.904337011704468E-7	
http://purl.org/ctic/empleo/oferta	2.7677784943287895E-5 1.2068149179701146E-5 7.742117115135056E-4 5.991829561219143E-5 2.785444056346619E-5 0.9987616654537481 1.789408060588245E-5 1.6342319319567784E-5 3.725247404185843E-5 2.651152904723804E-4	
http://data.press.net/ontology/classification/	3.2024689568646714E-7 1.3963499316869005E-7 3.080121674229206E-7 0.9999978451317583 3.2229089646483816E-7 6.566872133292055E-8 2.0704416111835476E-7 1.890894463242713E-7 4.310312112400088E-7 1.7184974880527394E-7	
http://purl.org/ctic/infraestructuras/organizacion	4.42288040731929E-6 1.928477321031093E-6 4.2539084651878225E-6 0.9993328991134207 4.4511097863295815E-6 2.7699594416282186E-4 2.8594549267911174E-6 2.6114851342610936E-6 5.952905476413949E-6 3.6362472089915537E-4	
http://purl.org/ontology/dso	3.39634545703675E-5 1.4808845334012043E-5 3.266591306986666E-5 7.352583724197289E-5 3.418022896697544E-5 6.964428582215978E-6 0.9997198996867573 2.0053686410305825E-5 4.5712571014873825E-5 1.822534805205804E-5	
http://zbw.eu/namespaces/zbw-extensions	1.9210684594704037E-6 0.008775552359506424 0.14816225142073172 0.8430519550945044 1.9333298286806956E-6 3.9392765714717246E-7 1.2419980115322867E-6 1.1342928729211401E-6 2.5856315115422272E-6 1.0308769160433557E-6	
http://purl.org/prog/	0.8905771268817552 0.058889086713024084 0.050339812434093203 4.328476870812564E-6 1.8299823696137996E-4 4.0999693668689083E-7 1.2926621699709776E-6 1.180563473434143E-6 2.6911057903643245E-6 1.0729289249195807E-6	
http://www.w3.org/2003/06/sw-vocab-status/ns	1.2179447718552823E-6 5.310518608878455E-7 1.1714143494706562E-6 2.636669626159714E-6 1.2257183993133996E-6 0.9999894178056326 7.874185729005302E-7 7.191342232061119E-7 1.6392733772201326E-6 6.535691865283289E-7	
http://www.w3.org/2004/03/trix/rdfg-1/	3.4975627691980847E-6 1.5250176034873491E-6 3.3639417079412394E-6 7.57170417923302E-6 0.9999724138807549 7.171981303441958E-7 2.261223947089796E-6 2.0651322976742853E-6 4.707488931512899E-6 1.8768496788359916E-6	
http://www.w3.org/2004/09/fresnel	1.9332450605131283E-5 0.9998364938602275 1.8593872704742252E-5 4.185188564185515E-5 1.945584147828871E-5 3.964245488623687E-6 1.249870356844986E-5 1.1414825343364205E-5 2.602020413876414E-5 1.0374110803355927E-5	
http://inference-web.org/2.0/ds.owl	9.395381816937002E-6 4.096602007688631E-6 9.036440184681399E-6 2.0339606881480633E-5 0.6764035625752274 0.31609710517819756 6.074247628551072E-6 5.54749341741962E-6 1.2645564591456684E-5 0.007432196910047036	
http://purl.org/ontology/olo/core#	1.2095260365444108E-8 5.273810991616383E-9 4.538988453738388E-5 0.08323897375304153 0.9166118244590993 1.0375680292040107E-4 7.819757410929632E-9 7.141633897019463E-9 1.6279423144462828E-8 6.4905155476384244E-9	
http://ontologi.es/doap-deps#	2.8307533678026685E-4 6.36003576255963E-5 8.323452686921758E-6 1.873478406193436E-5 0.9994899437077158 1.1153220294742647E-5 5.594981177499389E-6 5.1097885945371405E-6 1.1647812238588263E-5 1.0281655882410948E-4	
http://data.press.net/ontology/identifier/	1.2436876162139773E-6 0.026660247954152845 1.196173712928516E-6 0.49573284005941454 0.4755029694028983 4.3172231445287135E-4 8.04061686969197E-7 7.343340588709145E-7 0.0016675746287864628 6.673832200011347E-7	
http://purl.org/vocab/changeset/schema	3.3148580177409274E-7 0.02927326029167753 5.161122477501861E-4 0.0061758328299313355 0.9611573635019175 6.797333256224447E-8 0.002876211905374241 1.9572544672903466E-7 4.461580379765425E-7 1.7788073056971685E-7	
http://data.press.net/ontology/tag/	1.1675908207705546E-6 5.09096383066083E-7 1.1229841232270296E-6 0.999992143547954 1.1750430602102474E-6 2.3942213733470267E-7 7.548640291976646E-7 6.894027851840791E-7 1.5715002783420114E-6 6.265484286011845E-7	
http://www.w3.org/ns/adms	1.7274466388744428E-7 7.532063631763174E-8 1.6614511819283204E-7 6.187381539600327E-4 0.9993049569287769 6.077672588464967E-5 1.116818757776937E-7 1.467709852738716E-5 2.325029304376166E-7 9.269762641375462E-8	
http://vocab.deri.ie/ppo	8.399605470106974E-6 3.662420676784227E-6 0.9999333757802213 1.8183898914414467E-5 8.45321660685853E-6 1.7223940601846056E-6 5.430464094134642E-6 4.959538309591692E-6 1.1305315269200924E-5 4.5073663774542745E-6	
http://open-multinet.info/ontology/omn-lifecycle	4.5268575100937386E-5 1.9738137231357517E-5 4.353913221578244E-5 0.9996953980939713 4.55575053106861E-5 9.282617516306071E-6 2.92667759876521E-5 2.672878306400602E-5 6.0928518026820906E-5 2.4291861575092566E-5	
http://purl.org/reco#	1.0409314352692858E-5 4.538699853478192E-6 1.0011636391624602E-5 2.2534620302269976E-5 1.0475752613065702E-5 2.1344980160650577E-6 0.999914153249494 6.146168828106328E-6 1.4010250947168852E-5 5.585809201712715E-6	
http://rdf.insee.fr/def/demo	2.3551217872414184E-6 1.969770970998848E-4 3.5591148201179353E-4 0.9977077004379535 0.0017292260934158705 4.829331320134386E-7 1.5226196454636396E-6 1.390579208648131E-6 3.169838678362246E-6 1.2637970671837752E-6	
http://www.holygoat.co.uk/owl/redwood/0.1/tags/	6.554089584801192E-6 2.8577334135869046E-6 6.303696821701656E-6 1.4188630991084365E-5 0.9999483063182103 1.3439589527096674E-6 4.2373118935967626E-6 3.869855375469612E-6 8.821372542134412E-6 3.517032214726141E-6	
http://purl.org/wai#	3.8273019197126064E-5 1.668791437518898E-5 3.681083487618644E-5 8.285540490047817E-5 3.85172997259407E-5 7.848133006373425E-6 0.9996843582373622 2.2598264359845886E-5 5.1512960920315565E-5 2.0537931276263977E-5	
http://purl.org/net/ns/ontology-annot	4.91463857177053E-7 2.1428951619491315E-7 4.7268794763692573E-7 1.0639462925729472E-6 0.9902658092874228 0.009730415196744903 3.177383556243283E-7 2.901843230760995E-7 6.614779549560629E-7 2.637275849987781E-7	
http://www.w3.org/ns/locn	4.431954391837151E-4 0.9991407921970554 2.8184618036309743E-4 2.7611172317170133E-5 1.2835708197944019E-5 5.393208079707796E-5 8.245837736509714E-6 7.5307648554508266E-6 1.716645090621331E-5 6.844168587290917E-6	
http://rdaregistry.info/Elements/m	6.61387419929741E-4 0.02580662650168301 0.004275227247132844 2.0626847428641387E-4 3.7743734080686233E-4 0.9008275454627774 2.0439914604980026E-4 0.052808922707321876 1.897076830893593E-8 0.014832166729244036	
http://purl.org/ctic/infraestructuras/localizacion	2.299025193480354E-7 0.0011569671524064879 1.1083843605542657E-4 0.998708448350247 2.313698901011211E-7 9.80276576529599E-6 1.4863524018047716E-7 1.3574570332333777E-7 3.0943363609910163E-7 1.288820853699879E-5	
http://ns.nature.com/terms/	0.007173312763928121 0.07026583347293221 0.05339632292616967 6.776274810187505E-5 4.444051691387813E-6 0.8449879738207273 0.005001814297071972 0.010465819320800502 4.943418204820319E-9 0.008636711655159042	
http://purl.org/uco/ns#	7.810660592063577E-4 0.025579417855812685 3.666829873109996E-4 3.280107351012909E-4 0.0034646905267523833 0.9380256445272269 4.3559426670508014E-4 0.00160649373019108 5.110139113680375E-8 0.02941234821030179	
http://contextus.net/ontology/ontomedia/ext/common/being#	0.0044816128249440075 0.008432758450371183 2.545412114081067E-8 5.62176099463707E-4 2.3075231038110096E-5 0.9535199190554381 1.5666380703377472E-5 0.01030088436379297 3.562041317448649E-8 0.022663846519714294	
http://salt.semanticauthoring.org/ontologies/sro	2.355681036779683E-5 1.0271309727241916E-5 2.2656844817816728E-5 5.099699741833146E-5 2.3707163546473248E-5 0.99979532508226 1.5229812082237022E-5 1.3909094169560708E-5 3.170591391375581E-5 1.2640971696795829E-5	
http://def.seegrid.csiro.au/isotc211/iso19103/2005/basic	0.11779329747628177 0.8101629050064827 0.0030827579687519252 4.826369543151335E-9 7.746476026877224E-4 0.06586757341842707 1.4413535090833574E-9 9.690604221649906E-4 3.0006562150289017E-9 0.0013497488368245068	
http://www.w3.org/TR/2003/PR-owl-guide-20031215/food	1.0038070325069753E-7 0.001152144081002054 9.654575389219262E-8 1.7535037651965002E-5 0.0026418175855885814 8.249403903443008E-5 2.8029758569177475E-4 5.926968178295263E-8 0.976994599473782 0.018830856001109748	
http://www.w3.org/2006/time-entry	0.0030073527886887164 0.2522172499561626 0.0016043976425025627 3.3089803666582087E-4 4.0463575931433365E-5 0.1643441875325243 3.0254878168047766E-8 0.5781436530048862 6.29855810096373E-8 3.117042221791769E-4	
http://www.w3.org/2006/time	2.7512584314096534E-4 0.06134908123039964 5.654682081186767E-7 2.983894253109215E-8 1.3871340009208795E-8 0.012000373938884226 8.911142037508459E-9 0.9263039062538729 1.8551502854327638E-8 7.087609256657485E-5	
http://www.essepuntato.it/2012/04/tvc	7.894060245380148E-4 0.062213145366481946 5.445653524959578E-7 0.003950603160170026 1.9649037763715932E-8 0.03537048283864788 3.104530038263847E-6 0.897366560633271 2.627858447102976E-8 3.0610695387850683E-4	
http://owlrep.eu01.aws.af.cm/fridge	0.0438297738842562 0.16289582769656186 0.004527676141069997 3.5718372331576044E-4 6.249856406706891E-6 0.7736728226068779 0.0033075621916000934 0.00560965201394352 3.736783744025052E-9 0.0057932481491849	
http://securitytoolbox.appspot.com/stac	4.47653966439235E-4 0.0022619417853361567 0.9406462338755405 1.3314015472488708E-5 1.5122706204932932E-6 0.05572162089853355 5.652972726999156E-6 4.327385215475674E-6 6.84740541834623E-8 8.976743560570979E-4	
http://contextus.net/ontology/ontomedia/core/space#	2.2259285931190115E-4 0.011662004311248654 0.9387321465974569 0.02474732935369138 1.5802620251374674E-7 0.005774033296741575 1.0151823366114701E-7 9.271464836833057E-8 2.1134393252894908E-7 0.018861329978532293	
http://spinrdf.org/sp	0.002281235465552237 0.02303617536814315 0.2840943019759236 4.896023433285037E-4 3.5561259690094214E-4 0.6773517797042438 0.010039018957773977 0.0017039874884316622 1.592032956017208E-8 6.48270179372546E-4	
http://purl.org/net/cartCoord#	1.4866566203876815E-4 0.021168529218162025 2.941437300057215E-4 0.008720628568046406 0.9567463958527426 5.181474737728818E-4 2.584115378437575E-7 0.012257675874786775 5.379694725683035E-7 1.4501723943449694E-4	
http://www.ontotext.com/proton/protontop	0.015027928320322195 0.06030557518452024 0.002884570798475281 5.634544298135742E-4 5.06357570811187E-4 0.8848446724638517 1.1031151858297149E-9 0.028796270567127382 2.296500766392672E-9 0.007071167265462876	
http://www.w3.org/2006/gen/ont	0.00515420374020455 0.31533733760654936 2.1216466239578573E-5 5.270905572554238E-10 2.450305444877875E-10 0.6545597644729547 1.5741103483939868E-10 0.016771326314605785 3.2770336841609356E-10 0.008156150142210461	
http://commontag.org/ns#	3.799939215422406E-7 0.017350003568505253 4.494983144464814E-5 0.9469921971593447 2.1808793534889342E-4 0.027607998320230268 2.456714609118747E-7 9.448353672623219E-4 5.114467695778953E-7 0.006840790705711887	
http://purl.org/spar/doco	7.7232671408822E-4 0.004129393109472652 0.0011689656745187556 0.013148891412912214 0.07079107162655168 0.8761008631342088 0.020450906205000723 0.012650548266620163 1.6528201515743178E-7 7.868685746115333E-4	
http://www.linkedmodel.org/schema/vaem	0.002746156461504259 0.17140547399320696 0.022236389336523787 7.619556343913988E-4 7.773838343845741E-6 0.7473458673148252 0.04008210001290623 0.014963803211188122 5.5314665228096045E-8 4.5042488244479063E-4	
http://purl.org/biotop/biotop.owl	1.92085498826816E-4 0.00707063193663323 1.414539530659655E-4 0.0011225570586045675 1.7447864730790023E-4 0.0770523840359703 2.4256069689780184E-4 1.5456090676628257E-4 7.011793148000005E-4 0.913148107951128	
http://purl.org/wf4ever/wfdesc	0.005256960682793371 0.03367773288056944 0.15126268972953824 0.7225449904656084 2.9094400772716608E-5 0.08548542774456287 0.0014361909711432745 3.060132822372978E-4 6.433447840504248E-7 2.564979905195008E-7	
http://resource.geosciml.org/ontology/timescale/thors	0.02526216137051962 0.9409388688989042 0.014496977323492144 1.3419425684164313E-8 1.6825374191342145E-4 0.015362936555645317 4.007595383407854E-9 2.0956205954602688E-4 0.003269802187769454 2.9142043518841127E-4	
http://code-research.eu/ontology/visual-analytics	0.0031737760974901415 0.13546711621351862 0.033779524275670526 0.0015573629812383652 1.732058120423322E-5 0.8156200457985289 9.76268087036455E-4 4.76592080998131E-4 8.842633549301807E-7 0.008931109620959802	
http://def.seegrid.csiro.au/isotc211/iso19156/2011/sampling	0.0088131511647238 0.7096353415898927 0.02733719644639976 6.053354766433933E-4 6.0231998147416825E-5 0.25094128687782347 4.2155828405821347E-4 0.0010558706239193701 6.7926247110161345E-9 0.0011300207457679793	
http://purl.org/linked-data/api/vocab#	6.1487538995704446E-9 0.30489156880199725 0.3068949326027567 0.00195965003448004 6.187998800695227E-9 0.3834388694936467 3.9752566229592705E-9 0.0028149511797701397 8.275817429135418E-9 3.299522422665849E-9	
http://reference.data.gov.uk/def/payment#	3.0470352614388165E-6 0.002340292863140224 3.7014013450846245E-4 5.355891328204469E-4 0.0779937926732993 0.9172229620007673 0.0014200703883245655 8.898378837443062E-5 4.101108604390101E-6 2.1020874899531442E-5	
http://data.archiveshub.ac.uk/def/	3.806578667856049E-4 7.838180812520384E-4 0.020764609517068294 0.01145160829584939 5.500359807949152E-7 0.9539269226341406 2.415881676579379E-5 0.010326945095297507 7.356170392280506E-7 0.002339994039821068	
http://purl.org/dc/elements/1.1/	9.407245240901092E-9 4.101774732690796E-9 9.047850377808808E-9 0.2496173729483626 0.7500723872558631 3.1018789287386807E-4 6.081917500439669E-9 5.554498163754697E-9 1.2661531978087346E-8 5.048082443182216E-9	
http://purl.org/spar/deo	0.003759159549556271 0.01346921131376599 0.0026593659303509724 0.0021733353447597127 2.951106479032525E-5 0.9688615701586347 9.151383327474399E-7 0.007640439614565885 1.9051644918921716E-6 0.0014045867207515736	
http://simile.mit.edu/2003/10/ontologies/vraCore3#	0.0037671346653927167 0.1362507951683658 0.005386563242353353 0.055281894804790926 4.3063150697547215E-7 0.7791220512241075 2.766436784000098E-7 0.00722136918983343 5.759257307163767E-7 0.012968908504240177	
http://schema.theodi.org/odrs	0.02606622871597045 3.248069782924058E-7 0.17204655971803912 1.612664896035778E-6 0.5429830364450491 0.25843759789975485 4.816084193501286E-7 4.627557707672439E-4 1.002627937994379E-6 3.997421875640977E-7	
http://purl.org/ontology/cco/core#	0.002298463596655817 0.048265480162867705 0.014548732554111913 5.0245088604637E-4 0.0066040881053445084 0.8941334198702566 0.004629883648558554 0.012300719706984075 7.45505892223321E-9 0.016716754014115744	
http://purl.org/archival/vocab/arch	6.806543529899064E-5 3.694358936083334E-4 8.269149762973666E-9 1.966482140881583E-5 4.757815638137615E-6 0.982835995524889 5.558479037245726E-9 0.011832176803163308 1.1571820905911195E-8 0.004869878306543471	
http://www.w3.org/2002/12/cal/ical	3.4061643894906E-7 0.04300668595412839 0.1197111586336202 0.00120907765661107 6.540844647269906E-4 0.8232672048630904 0.006980874173578078 0.005169932410151654 4.5844727373160897E-7 1.8278038057752332E-7	
http://purl.org/ontology/similarity/	6.396195026842479E-7 7.17364483622094E-5 6.151834475255179E-7 0.04749776901593799 0.5096218165281026 0.38352467527197337 4.1352308219672004E-7 2.68344068159241E-4 8.608856875372788E-7 0.05901312945574472	
http://semanticscience.org/ontology/sio.owl	0.0011335289266636572 0.040173379966639895 0.012558264786329331 0.0053482873611325685 6.68198644145715E-7 0.8584351624200404 0.00293752133236245 0.0011236849566139558 1.3107392292247577E-7 0.07828937097765074	
http://www.sensormeasurement.appspot.com/ont/transport/traffic	0.04846195941460286 0.7787610261932206 0.0026119981914069917 1.9950450589522196E-4 4.8452699560528805E-5 0.14545835333996365 3.0194971656364823E-7 0.007035302969486876 6.286086570178999E-7 0.01742247212748961	
http://online-presence.net/opo/ns#	0.0012935163620519292 0.09339672587215637 2.993336869807483E-4 4.836019760793709E-6 1.1699814404098562E-6 0.877822318668598 1.270694427156178E-9 0.015012925909519373 2.6453726349711647E-9 0.012169169583425352	
http://www.bbc.co.uk/ontologies/provenance	2.904367565357058E-5 4.0635670207826565E-6 7.64143055520471E-5 1.186101607854174E-8 3.6948473597381736E-5 0.9386816548827435 3.5421898371540014E-9 0.06117184937791133 7.374245029193371E-9 2.9400705165867393E-9	
http://lod.xdams.org/reload/oad	0.021212560660892252 0.07056825563560673 0.09237223991417048 2.3645154629513588E-4 0.002515505198762477 0.769873411696508 0.0028119740433312115 0.03765436873617786 2.6491922959153304E-9 0.0027552299190634236	
http://data.press.net/ontology/event/	0.003414225472341807 0.06628375249054547 7.232415052129995E-7 0.8567741071166428 0.06804063039844042 0.00548421550046771 4.861591410030077E-7 4.439997839165945E-7 1.0121017770800194E-6 4.035193545641512E-7	
http://purl.org/spar/datacite	1.737814534422112E-4 0.11095842549445953 0.042619252582035624 0.5856558316546099 0.029578085400153043 0.23009221343514097 7.934151797241616E-5 7.273334909763731E-4 2.5128103075350726E-7 1.1548369017914871E-4	
http://def.seegrid.csiro.au/isotc211/iso19115/2003/lineage	0.00444384122570444 0.3775167522887786 0.09512077966068855 2.1075791669636255E-8 0.001466815944377138 0.5151421742666121 0.001573064700300871 9.538326733315862E-4 1.3103266273899038E-8 0.0037827050611487652	
http://purl.org/spar/pwo	0.001706080839449944 0.0443886586298983 0.010218320216094326 0.16018724090870265 5.958623808425258E-4 0.7557030476320616 0.00432138264717901 0.0015417602492268756 0.015852752126192624 0.005484894370352331	
http://www.linklion.org/ontology	0.006846278578442875 0.14694105905423274 0.17986737896545604 1.061344072698624E-8 4.933909599450592E-9 0.6492303982235799 3.1696122517177428E-9 0.01711130703462667 6.598600997195446E-9 3.5528280983089525E-6	
http://archivi.ibc.regione.emilia-romagna.it/ontology/eac-cpf/	0.005809818610069181 0.005198751638932448 6.773286137701919E-4 1.6760010270832444E-4 6.766316801068256E-4 0.9294006508265673 3.032455500813985E-9 0.05683410311811285 6.313063650223385E-9 0.0012351060642135962	
http://purl.org/vocab/frbr/extended	6.5054335845662715E-6 2.836518281287634E-6 6.256899677709477E-6 1.4083297973599168E-5 6.546955021587516E-6 1.3339817215057476E-6 4.205855099205611E-6 0.9999459842512622 8.755884773172914E-6 3.4909226051378356E-6	
http://vocab.deri.ie/odapp	1.6579697835176975E-4 7.229128604014483E-5 1.5946286237945767E-4 3.589258454332557E-4 1.6685519049173807E-4 3.39977552190921E-5 1.0719009851826263E-4 0.9986233587957338 2.2315180369105673E-4 8.896938414141537E-5	
http://purl.org/openorg/	2.2769234099618242E-5 5.254299872589455E-4 3.09602911997909E-4 5.581013273298183E-4 2.2914560511363063E-5 0.9978594982177551 4.982026788875006E-4 1.1857617644394487E-4 3.064588817302465E-5 5.4259017542654405E-5	
http://purl.org/acco/ns	0.001427462877143437 0.028521197581759253 3.837827255119868E-4 1.5596768214110255E-4 0.006062266483396728 0.9533258615004866 2.7211147866207716E-4 0.001804327746467509 8.17086992218537E-9 0.008047013753561648	
http://www.w3.org/2000/10/swap/pim/doc	0.32035062048309887 1.015790419781784E-6 2.240669059699434E-6 0.13866657063651422 0.5176202066142993 0.02296974470197736 1.5061659728926665E-6 3.837092134927505E-4 3.1355848922167912E-6 1.2501402729859922E-6	
http://purl.oclc.org/NET/ssnx/cf/cf-property	0.08013394796692268 0.5394508987190463 0.0015446825721396025 1.867005983037781E-4 3.470519740660174E-5 0.34292820239892835 0.0026049881650756523 0.0030407575676551575 2.2135822213875286E-8 0.030075094678698594	
http://purl.org/dqm-vocabulary/v1/dqm	0.005034097537387846 0.11346585458864976 0.0037904512889747268 0.0011823694664821979 2.0530777118836578E-5 0.8037155020537756 0.06986655798305302 0.0016104886649069285 6.576632892715267E-9 0.001314141063018226	
http://dati.cdec.it/lod/shoah/	0.0013105689549524435 0.006117505971955149 0.015941877828169807 2.3081186968222468E-4 9.54745119607288E-6 0.831298356922781 3.474640087360247E-4 0.00671841488191627 0.0017144750613190885 0.13631097704929196	
http://rdfs.org/sioc/ns#	2.0494640036128626E-6 8.936133214672451E-7 0.003082862337783259 0.004220672093371961 2.062544867393442E-6 0.937596766280358 0.05491360455954141 1.2101038883577126E-6 2.7584434502525602E-6 1.7712055941422622E-4	
http://sensormeasurement.appspot.com/ont/home/homeActivity#	6.753383187269739E-7 2.9446299961739345E-7 6.495376601511169E-7 4.7897607681777395E-5 0.002866151001594149 0.004673455720901253 4.3661580347932506E-7 3.9875280756716544E-7 0.015539257021500618 0.9768707839407322	
http://purl.org/NET/c4dm/event.owl	2.7537475464318946E-4 0.0681454799774259 5.143611827288494E-7 3.320896166971171E-6 8.082502447982704E-7 0.02541614782368252 7.328379979407337E-9 0.9059572779618998 1.525645776190375E-8 2.0105338991648796E-4	
http://open-multinet.info/ontology/omn-federation	0.0011185730368455183 4.0180201429779166E-5 2.5951139988069892E-5 5.841193818539327E-5 2.7154174593224743E-5 0.998046143071053 1.744421999250894E-5 3.574355441076393E-4 3.631593971012852E-5 2.7239073409474513E-4	
http://vocab.deri.ie/pdo	0.0010339638144338946 0.07630307920675472 4.3973471814806673E-4 0.011309120140303936 7.573388463811869E-5 0.8663025270247383 8.104771356128699E-10 0.028523984965544917 1.6872774366520336E-9 0.016011853747683488	
http://def.seegrid.csiro.au/isotc211/iso19150/-2/2012/basic	1.374795913760378E-8 5.994425570145676E-9 1.3488508327480056E-4 2.9762290637027266E-8 0.9998650197059945 2.819108973932302E-9 8.888250612494158E-9 8.11746816732081E-9 1.850384674754527E-8 7.377380877707028E-9	
http://www.essepuntato.it/2013/10/vagueness	5.294085258726695E-8 0.00855370748922416 7.946298656651304E-4 0.0035385022277274027 5.714596155389395E-6 0.9569739093086755 0.003353742384368068 0.024852596040444114 7.125489777458821E-8 0.001927073891989731	
http://id.loc.gov/vocabulary/relators	9.991877940424978E-9 4.356688001496168E-9 9.610147740725212E-9 2.1630932438490072E-8 1.0055651880352914E-8 2.0488999484470302E-9 6.459890834344486E-9 0.9517114925545428 1.344840905324566E-8 0.04828842984295956	
http://purl.org/ontology/service	5.09828358997517E-6 2.2229686028095055E-6 4.903508511203092E-6 0.9999656948137747 5.130823782453625E-6 1.0454364081457324E-6 3.296112665720647E-6 3.0102762406675873E-6 6.861953638368772E-6 2.7358227857204694E-6	
http://lod.taxonconcept.org/ontology/sci_people.owl	1.3881684224986004E-5 0.0022917372671915877 0.004609030110613846 0.0012581412139245486 4.6961324009376135E-4 0.9183445113337659 0.006449483539294365 0.00915871652922702 2.1265496010776145E-7 0.05740467242670394	
http://purl.org/vocab/vann/	0.019009375663974197 8.562104133835657E-4 0.6818451065477689 7.929928630524733E-8 3.686415367037532E-8 0.28243476917643856 2.3682045803157462E-8 0.015854329394450105 4.930204663603721E-8 1.9656452036535177E-8	
http://data.ordnancesurvey.co.uk/ontology/admingeo/	0.005407514928867254 0.24574837981280312 0.6555504174756275 3.5360790550425853E-6 3.218208198448164E-4 0.08792603973519979 0.001890146345512823 0.002820569406816198 1.7886324859666738E-8 3.3155750994833037E-4	
http://purl.org/muto/core	3.540841331816478E-8 6.856466550850149E-4 9.306492242395843E-5 0.0028808082526912315 0.19654489371184133 0.6339347564478189 4.683470152091249E-5 8.506101011384791E-6 4.7657390239178414E-8 0.1658054061418036	
http://purl.org/dsnotify/vocab/eventset/	2.8924041204422975E-4 4.126035303550157E-5 0.9978023481335649 5.907788605897711E-6 0.0012730793413888923 3.7856161857229774E-4 1.764309956355603E-6 2.0270064183198127E-4 3.6729973614471833E-6 1.4644036382220655E-6	
http://www.w3.org/2000/10/swap/pim/contact	1.4337255981264385E-5 3.580281148564155E-5 0.0026450112563828738 2.139267936734424E-7 2.1880008795355097E-5 0.8777289485292115 6.388738615875588E-8 8.297276460352727E-6 4.81222237823315E-5 0.11949732282372069	
http://swrc.ontoware.org/ontology-07	0.0035475869050303737 0.01565972981226865 0.0018945946532223199 0.001849062426598537 7.948299701740387E-5 0.9704390112080947 4.038753130858523E-4 0.0034763483951477255 3.900162038221342E-8 0.0026502692879141814	
http://www.w3.org/ns/auth/acl	1.7474048001280325E-6 0.9804188512782456 1.6806468606009188E-6 3.7828719885918785E-6 0.01812772540779449 3.605695056915353E-4 1.1297219921560147E-6 0.0010812235848113166 2.3518916738015397E-6 9.376861415610029E-7	
http://linkedscience.org/teach/ns#	1.421863778057877E-6 0.4288405083039868 5.999157613622976E-4 8.809856815899423E-4 1.4309389344707376E-6 0.27624374415639025 0.0022082861966278055 0.29118497656569253 1.9137349174325813E-6 3.6816796720242515E-5	
http://purl.org/net/opmv/ns#	1.1597058001135647E-9 0.07776256614095409 1.1154003422897376E-9 2.510590897962335E-9 1.167107712794193E-9 0.8820034996315091 0.029767670325981193 6.847470829419397E-10 1.5608875603103516E-9 0.01046625570311608	
http://purl.org/vvo/ns#	0.001620101740842158 0.01143473473362152 4.575528528753946E-4 1.859500094997525E-4 0.00723458177485998 0.9690322533904214 3.246673609396633E-4 0.0018826023659690681 8.441583064512588E-9 0.007827547329388023	
http://purl.org/ontology/daia	1.1139890827886182E-5 0.00311877376472776 0.42501277064815485 4.549369914427955E-9 2.1148824843554347E-9 0.49522967948181745 1.3586299664069005E-9 0.07662762423546672 2.8284396762707042E-9 1.1276831821056617E-9	
http://www.w3.org/ns/ldp#	4.1421644317936E-6 1.8060787159147208E-6 0.9999671450671764 8.967171087103285E-6 4.168602119205302E-6 8.493779188819897E-7 2.6779680663466084E-6 2.4457366786117433E-6 5.575080277871761E-6 2.2227535276744E-6	
http://guava.iis.sinica.edu.tw/r4r	0.001720200087656683 0.34487379083129166 0.0124677696147948 0.03457990548844035 2.7508812421197856E-9 0.598044249351185 1.7672044272992577E-9 0.005593395766466642 3.679023164396678E-9 0.002720680663055891	
http://reegle.info/schema	5.607703100455398E-4 0.008173119423627749 0.008212369274494797 0.01842410489333224 2.8203728818056053E-4 0.796759837943809 4.000695621205324E-6 2.810216064531155E-4 1.0612541253949952E-7 0.16730263243902344	
http://purl.org/net/p-plan#	2.9413156121285613E-4 0.9880653969195066 0.0012096851240631023 4.476117730527299E-5 0.009826744019406307 2.3120513669105014E-4 2.406724236353528E-4 8.525035870765342E-5 1.539492404667964E-6 6.137870672258637E-7	
http://purl.org/essglobal/vocab/	9.364906723438033E-7 0.00394982631110315 2.546935552648229E-4 2.027363282810816E-6 9.424678970694475E-7 0.953998511625847 8.902288549404204E-4 5.529499430174096E-7 1.260454712449465E-6 0.04090101992633699	
http://linkedgeodata.org/ontology	5.05449304866265E-6 0.006844576629207994 0.005099896475257733 4.7493251057942077E-4 2.3795154420741066E-4 0.08111342100807535 1.463474867513831E-4 3.5076864446161943E-4 3.784246624764562E-5 0.9056892087421649	
http://purl.org/vocab/frbr/core	0.020003935589064013 0.022975888560593637 0.04904637151510804 9.99599702764005E-4 4.855649463554068E-4 0.8485680705622748 0.010529970540008886 0.04586386486673463 1.7013745651960599E-9 0.0015267320157221363	
http://purl.org/ontology/ecpo	4.133179714197419E-8 1.8021611729281573E-8 3.975275511693871E-8 8.947720507296298E-8 4.1595600559486096E-8 8.645710081813852E-5 2.6721593189625033E-8 0.9999132081894228 5.5629874402508695E-8 2.2179321805113607E-8	
http://www.w3.org/ns/rdfa#	5.563522529059463E-7 2.4258234531011557E-7 5.350973438816905E-7 0.001461517212530461 0.0033636595447813665 0.007487953424055939 0.9871436225932457 5.408658322212877E-4 7.488134582292262E-7 2.9854776485558705E-7	
http://www.eclap.eu/schema/eclap/	0.0021520392531542373 0.022724126263651404 0.020911445222357352 6.867019581113485E-5 0.003190901638577307 0.7671154482399304 0.002934079481974853 0.06978792499947331 8.939045576878377E-9 0.11111535576602427	
http://ns.inria.fr/ast/sql#	0.010734495785600347 0.10689040214428601 0.8320659355762599 1.285698089634695E-4 4.5392627013294375E-5 0.050047909107334324 7.315908677904635E-6 7.96788028991928E-5 2.1465658021534524E-7 8.558238574715577E-8	
http://rdfs.org/scot/ns#	2.7290813943920786E-7 1.189942094663809E-7 2.6248194336385937E-7 0.9999981636634406 2.7464999691527117E-7 5.596159962738552E-8 1.7643898365179222E-7 1.6113832695655234E-7 3.6731636585450233E-7 1.4644699399509088E-7	
http://purl.org/spar/scoro/	0.005195117526501513 0.03843173412398921 0.0015977443124298057 0.0017896113060196842 1.575361212859781E-4 0.8858880326253454 3.9984775911901135E-4 0.06013396762909271 6.973331222148787E-8 0.0064063388629042005	
http://purl.oclc.org/NET/ssnx/cf/cf-feature	0.06626480876182257 0.3687313518709754 0.0024164474511152575 1.2748345711305237E-4 8.769635348907061E-5 0.5044885277220629 0.004232245569851433 0.002829688022946426 1.1885133349574644E-8 0.050821738905490334	
http://www.bbc.co.uk/ontologies/cms	2.0526572549518076E-8 0.01459681953988815 0.09356227380350922 4.4436982383063984E-8 5.1416539647259235E-5 0.7004378615691569 1.3270720345438807E-8 0.12760638690363893 2.7627413560588562E-8 0.06374513578247083	
http://www.w3.org/ns/dcat	0.0054495530844134886 0.5175432729960554 0.10371299719069116 0.0015235768039133578 4.260212463782066E-5 0.3710879297049413 2.5522919437444635E-7 6.390696777390713E-4 5.313443673117743E-7 2.1184404671981208E-7	
http://www.opmw.org/ontology/	0.012655220953525009 0.07973667908474263 0.0012050923707414526 0.0012022667947040233 2.3308203080667162E-5 0.8898378950510911 0.0016966608394153552 0.006910699396451772 1.1489605224114544E-9 0.006732176157287481	
http://purl.org/ontology/ao/core#	7.707869467945428E-4 0.06567907222405014 0.0035666358035221874 9.370817780711514E-4 0.012392196919564563 0.8942362354087264 0.00349612954796332 0.01364298466625729 2.330732145203932E-9 0.005278874374318184	
http://sw-portal.deri.org/ontologies/swportal	4.1780045648372055E-5 1.6432197187722943E-4 0.006898785512313835 0.9326550063770708 0.00643877425626217 0.0488749278507752 0.0037137631902238915 3.5591410993250487E-4 5.490180075441233E-8 8.566717840961076E-4	
http://purl.org/lobid/lv	4.037787424240303E-6 1.7605679461524377E-6 3.883527593506734E-6 8.741210360603348E-6 0.16991589358666778 0.8300530873869587 2.610486850259899E-6 2.384107383111687E-6 5.434595706132614E-6 2.166743109554246E-6	
http://purl.org/swan/2.0/discourse-relationships/	0.9999128824675902 4.812142860861425E-6 1.0614807355145202E-5 2.3892263359668845E-5 1.1106885182214164E-5 2.2630950979626604E-6 7.135217750217477E-6 6.516457003684746E-6 1.485432640420789E-5 5.9223373961503235E-6	
http://ns.inria.fr/nicetag/2010/09/09/voc	3.15878973131082E-6 4.288602772659257E-4 4.2232086950839845E-4 0.030707266091188342 2.4133509244505166E-4 0.897890767147705 2.1301932518933745E-4 4.010720302355412E-5 4.251522754095318E-6 0.07004891368118898	
http://rdvocab.info/ElementsGr3	6.605231513753787E-10 0.05485528749507802 0.19457933646471204 1.4299345675205155E-9 6.647389918838382E-10 0.6732125910833827 0.07329510922277865 0.0026384636192455582 8.890206207279973E-10 0.0014192084705857352	
https://raw.githubusercontent.com/airs-linked-data/lov/latest/src/airs_vocabulary.ttl#	6.614152069825658E-4 0.03462690683470063 0.041573729166615066 0.002616618426396026 2.235881363167296E-4 0.8904616363800689 1.1581055660934957E-4 9.479862198579535E-4 1.6208365098994904E-8 0.028772292864088028	
http://purl.org/linked-data/sdmx/2009/code	0.020143923874055992 0.9192449049202279 8.254389238355896E-4 2.2036900788578602E-9 1.0244375894656962E-9 0.05977491930111477 6.581129769893299E-10 6.491853689984443E-6 1.3700808178904564E-9 4.315870754306013E-6	
http://purl.org/spar/fabio/	4.6514489194854835E-4 0.017493471036171226 0.013535587612551784 0.004009930122944548 0.007332298030475808 0.9393430544774792 3.0947958628450156E-4 0.004131174377724446 4.055378426354349E-8 0.013379819310635182	
http://rdf.myexperiment.org/ontologies/base/	0.008302007058294425 0.014698830132989713 0.008512027048452497 0.0050198412197517295 0.0014711572346178365 0.9132838457701484 0.008357649006433581 0.005948674918614111 2.051173254707557E-9 0.03440596555952445	
http://dati.camera.it/ocd/	0.00621149055436485 0.08311139350314303 0.1793720901278355 1.1601279712890553E-5 0.005320961037895688 0.678175268614523 0.010807448867999527 0.018994764126742853 3.0104963218939024E-9 0.017994978877286155	
http://www.wsmo.org/ns/wsmo-lite#	0.07751350362598232 3.554536481857768E-4 1.2084508231928363E-6 7.507817728061884E-4 1.264471797978421E-6 0.9032446681739548 8.123142960037729E-7 7.418710078225279E-7 1.6911020963973548E-6 0.01812987456904959	
http://data.press.net/ontology/stuff/	2.1323427967807253E-9 8.461658177218011E-6 2.05087866696482E-9 1.1545130223060807E-5 2.7918843858368964E-6 0.8870527082745145 1.3785898677639796E-9 3.172905659529224E-5 2.8699928425696314E-9 0.11289275556429985	
http://purl.org/ontology/po/	3.993699994600695E-4 0.027258885329143293 0.0011246226391591863 4.3906569488546735E-4 0.0023297870715642604 0.8427656227863359 0.003254595414421002 0.08989940369721862 9.924883529330985E-9 0.03252863744292855	
http://salt.semanticauthoring.org/ontologies/sao	2.126060635241104E-6 0.0023866250929505924 2.044836509435792E-6 4.602605659840317E-6 0.9599719367938745 0.02180125690516276 0.015826149958362918 1.2553302897997682E-6 2.8615374672510852E-6 1.1408790874546617E-6	
http://www.ontologydesignpatterns.org/ont/dul/ontopic.owl	0.002221906072416457 0.017495937412590333 0.0019037787366749952 6.868548166758327E-4 3.9735878698878137E-5 0.8291921615146755 0.1141517033771445 0.028122386292961505 1.2909300866858623E-8 0.006185522988861137	
http://mex.aksw.org/mex-perf	0.004512411343843233 0.0739591584118088 1.6148269836799967E-4 9.616566330414003E-4 0.03406299914170459 0.8753969776168326 6.155585360664614E-4 0.006616041530236968 8.438672648557965E-8 0.003713629701371283	
http://www.ontologydesignpatterns.org/ont/dul/IOLite.owl	0.004698156970287474 0.019664803334127182 0.002839194875608124 3.932131277189504E-4 5.861358124405936E-5 0.8730951443623352 0.08749989728499544 0.0069615880334695885 7.113937747814564E-9 0.004789381316276554	
http://www.aktors.org/ontology/support	8.944190295642416E-7 0.06873934439529862 8.602486006612335E-7 1.9362844217631717E-6 9.001277287499133E-7 1.8340647418740127E-7 5.782545909382466E-7 0.9312536190748463 1.2038290545886455E-6 4.799599547336598E-7	
http://securitytoolbox.appspot.com/securityAlgorithms#	5.220623526005742E-7 0.0014319555241785263 0.9921698052433904 1.130187492792961E-6 5.253944562663611E-7 0.006392486554796791 3.375207169891959E-7 2.254703862218525E-6 7.026615127740114E-7 2.8014724065564196E-7	
http://contextus.net/ontology/ontomedia/ext/common/trait#	2.6459914045456566E-7 0.0023083300170987347 6.089748016597555E-4 5.728178591232692E-7 2.6628796509683457E-7 0.49487214503409827 9.157843543291573E-4 1.5623228715202246E-7 0.002161687307560218 0.49913181854800176	
http://purl.org/spar/biro	0.00587106956809847 0.06681584665881934 0.022403846460603696 9.233690742492535E-4 0.049881856783414835 0.8156526714035003 0.002936742078215412 0.030943746561706065 5.174385251581109E-9 0.004570846237007451	
http://ontologi.es/doap-bugs#	0.4573300005156057 5.738653976266644E-4 4.734006258173879E-4 0.01646333753469277 2.18687364758494E-7 0.5250780011592442 1.4048780924392585E-7 8.06265128058003E-5 2.924720516423992E-7 1.1660698180699192E-7	
http://kmi.open.ac.uk/projects/smartproducts/ontologies/food.owl	0.027887003504979586 0.15337642485914452 0.008307261914330974 1.8000540506744867E-4 8.469723113338776E-5 0.7694650628673897 0.002671251486146286 0.002958814074498838 4.358546675134644E-8 0.03506943507184273	
http://www.w3.org/1999/02/22-rdf-syntax-ns#	0.11100690856944978 0.06447340641435492 0.7404886761127657 6.792176626078956E-4 0.001396137856803352 0.08100090740249728 4.282338866499373E-8 9.545784629682606E-4 8.915111146323249E-8 3.554405275337845E-8	
