http://rdaregistry.info/Elements/m 0.018261553612540754 9.227733941627315E-4 0.04154461205736334 2.006937366180453E-5 0.07712671222011859 6.94855598323765E-8 0.004947198583831384 9.128150190442366E-5 0.5968604200076553 0.03382940748255386 0.006741692965629131 5.336277937679697E-4 1.0029103974743404E-7 2.3539941145092282E-8 0.05657026908880053 7.237694832075128E-4 2.550508060193931E-8 0.014591210436393824 0.14723515262839676 3.054839078999721E-8
http://purl.org/dc/elements/1.1/ 6.909398417128013E-8 1.4821951844255768E-7 5.4293495088484646E-8 5.5878767046709475E-8 3.60467845944012E-8 2.8909195875176716E-7 9.030413842001927E-8 1.1753580371067851E-7 0.10507612355709557 5.268138221400483E-8 7.344375086213005E-8 5.597057825800518E-8 4.172569551972973E-7 0.8820207745328198 5.901526646722403E-8 6.100207338932176E-8 1.0611289204725913E-7 9.760028932898434E-8 0.012901191267059381 1.2709538717827E-7
http://purl.org/spar/fabio/ 0.006378519333510891 2.442861390082346E-5 0.018442914300031137 2.46162728705509E-4 0.03977127515905501 8.108322667118896E-8 0.03080136179463158 2.203518320503991E-5 0.84493270145529 0.022294841736051983 0.0023133498637850167 4.24825262357664E-4 1.1703037477927006E-7 9.645820987434107E-4 0.0202196949759676 4.44487867360169E-4 2.976207195714926E-8 0.0011814508404340508 0.011537105264147498 3.564714885856437E-8
http://bibframe.org/vocab 0.029176021539705287 0.0016510109034981086 0.03476076658851684 0.0013938645024378611 0.3084797742535593 1.0372206270476023E-5 0.005929437804354468 0.0021268872467728383 0.45991427534588825 0.023183288869045637 0.02235340011170569 0.0030729575338966286 3.5216188714667985E-8 9.822162167257098E-4 0.005278631513928502 0.0026021177711330126 8.955852226905368E-9 0.006853912382972237 0.09223101031078834 1.0726759815225581E-8
http://rdaregistry.info/Elements/c 0.14244684658180437 0.0061152827648018465 0.5150012264601136 5.0743025377190373E-8 0.25128869769585294 2.6252190902888625E-7 8.20044075718773E-8 1.6716692963613864E-4 0.04918139988320931 4.783950784662365E-8 0.0043434875180813045 0.008053758571268185 3.789074345303123E-7 0.007418889080719397 0.0014923027813562842 5.53954555845531E-8 9.636020010069654E-8 0.005215707699102263 0.009274144847891831 1.1541422257079962E-7
http://www.bl.uk/schemas/bibliographic/blterms 0.04993503599193487 2.619372424217584E-5 0.3686159082133618 0.007404375053190403 0.28813299476208754 1.388739337407125E-7 0.0053129506799414 2.543518581050984E-4 0.24394678447808854 3.5448214789968744E-4 0.03132613897791677 0.002128696526665073 2.0044180751038164E-7 2.3780407510345387E-5 3.2628546836165203E-4 3.249817485883327E-5 5.097448854279612E-8 0.0021471108049586417 3.1961386592165386E-5 6.105405509705266E-8
http://iflastandards.info/ns/fr/frbr/frbrer/ 0.05266091083751722 2.0154870786903164E-4 0.37299872623171454 0.00207141805948801 0.12721521861364865 1.70615233184004E-7 0.04530218954750971 3.893429549884811E-5 0.08579492591601368 0.08440272377111625 0.16562637165954652 0.019126793207130365 2.462551812787122E-7 2.451915019503292E-4 2.206713361373258E-4 0.004147798435632243 6.262531790452816E-8 0.039259490129858354 6.865332449465064E-4 7.500869001566186E-8
http://schema.org/ 0.03223171553296381 2.825192737947929E-4 0.053991387187265386 1.2057858130705677E-4 0.14255762476422498 9.574885257576931E-8 0.009464674152042529 0.010737678723428923 0.1532252843550693 0.022258869321168804 5.977128826883591E-4 0.0016219637372942523 1.3819780689128617E-7 1.7395483115021943E-4 0.5229078756063237 0.009723588562297698 7.530482325569099E-4 0.012223255198392778 0.027127993016677412 4.209469382177381E-8
http://dbpedia.org/ontology/ 0.0055569383493935635 0.005443347393383973 0.012586260006854498 3.7104763658117286E-6 0.020769903022276673 9.694050759594557E-8 2.8912701411056756E-4 0.006441347360258039 0.030900296496343536 6.427430111778009E-4 3.063166804207713E-4 0.002243402173606931 1.3991776599188245E-7 0.0027995285216686904 0.8578897637011176 7.69610891053083E-4 3.362888016160642E-4 0.004748077214002069 0.048273059409488325 4.261858890632117E-8
http://rdaregistry.info/Elements/a 0.025251113934388756 5.11940267075971E-4 0.011293675071983223 3.5339093907794217E-8 0.32938323665615515 1.8282879917119567E-7 1.884902834551126E-4 0.03495221183715527 0.4376242563416108 0.009469142294411568 0.013053522849465274 0.0026877831262059086 2.638834659875676E-7 2.1794620822033982E-4 0.0566924808271923 2.535068672487121E-4 5.683553539750781E-6 0.025899113499082884 0.05251533395323029 8.03782198520222E-8
http://purl.org/ontology/bibo/ 0.01915732846269157 3.650837123082936E-6 0.004332420011456751 6.740197645237779E-8 0.12427364699036698 2.7103573194859263E-8 0.0014271784613050236 3.226789515127235E-4 0.6707105483780017 0.025657772956823897 0.019373584026424293 0.006875119766220456 3.9119574529448676E-8 4.2953780304214777E-4 0.018603037814383112 0.0045729557669749385 9.948524853265248E-9 0.014274993835806915 0.0899851198086135 2.8255560411709293E-7
http://www.loc.gov/mads/rdf/v1 0.16903220072961475 3.3939436761505546E-8 0.03454110195539728 3.344302194126912E-5 0.24683675590356674 6.61965330572697E-8 0.004852127150009435 0.003741810414417714 0.3812296452945977 0.043362067273851376 0.04909152258010468 0.006672739162362721 9.554386758924255E-8 8.887621752434938E-4 0.05104475492120111 0.006214152003851853 5.322017850473434E-4 0.0011639330237482172 7.625578227923096E-4 2.9102414453516572E-8
http://iflastandards.info/ns/isbd/elements/ 0.0193314040606339 7.41902381876593E-4 0.2150693321188386 0.0025165711914132928 0.29584242144947925 2.888226303351158E-7 0.01042195192422297 0.0011828958770018238 0.19423812620582617 0.043359963057462585 0.1031938085494069 0.005199947044556745 4.168682236823662E-7 9.784576444171453E-8 0.02437926171655711 0.002611435448383365 1.0601403347877877E-7 0.034591273900854445 0.04731866854585365 1.269769805662693E-7
http://rdaregistry.info/Elements/i 4.284583455300113E-5 2.553048414574376E-6 2.5484731590320834E-5 9.62499400321967E-7 3.193577036514842E-4 4.979545033695657E-6 1.5554688063035704E-6 2.0245282164748527E-6 0.0177655184506549 0.0013587909058287277 0.9799494302931715 7.407565901334109E-5 7.187158743532407E-6 1.6869432628204144E-6 5.694179782528222E-5 1.0507472186445878E-6 1.827771090162786E-6 2.860827959158435E-4 9.54549276821418E-5 2.189189926837813E-6
http://purl.org/ontology/mo/ 0.048158717427162406 0.0021978794720454334 0.024355991149670315 2.656248135579588E-5 0.5099111683233115 1.217525842169719E-7 5.511004248619412E-4 0.02290569464047775 0.22233521158598574 0.023700210566265038 0.015100637817473657 0.011639444679303116 1.757299400409754E-7 9.309116803307126E-4 0.02567530697539301 0.0014822036174898972 5.279824031702639E-4 0.004344065612165717 0.07275598077089301 0.013400632890120508
http://rdaregistry.info/Elements/e 0.004570320309722189 0.00810636632253509 0.0037653715130386875 2.267315876464451E-4 0.024796351822351015 4.404296534711515E-6 0.001461991867557883 8.90870596015923E-7 0.026639303549907806 7.476533408582761E-4 0.007461036978162154 2.0520610956665535E-4 1.203599491582311E-7 2.7218580015150278E-5 0.01326967591850135 6.735559218799806E-4 3.060881821802574E-8 0.028388264564984476 0.8796549116900122 5.937873638633423E-7
http://www.cidoc-crm.org/cidoc-crm/ 0.027553802932018458 1.1007487976202531E-5 0.0012022028336272765 1.902674949880739E-9 0.530831704698498 1.7459035341909514E-5 4.525725174984668E-6 0.010560192672247032 0.37357637358698287 0.002762530621696859 0.011496923213527025 0.009419331813829188 1.4207621217801333E-8 0.02728676975244002 0.005249169394571766 6.239637914476957E-6 3.6131495419172492E-9 8.304816396656855E-6 1.3437726706861252E-5 4.327604602072695E-9
http://iflastandards.info/ns/fr/frad/ 0.040399437675640325 1.5733431829676868E-4 0.017170968071414234 0.002232347135769214 0.6695951586963271 4.1994313451416266E-8 1.9307064030592416E-4 0.03324235487080628 0.17497925541773124 0.012214948331672755 0.0302656218123231 0.010518148400841849 6.061192238620767E-8 4.902020127955205E-4 0.004524811799899358 0.0015394666511141665 6.0555119318405295E-6 0.0019151569263398509 5.555406583200181E-4 1.846223447528098E-8
http://rdaregistry.info/Elements/w 8.973339200028668E-4 0.0012035880965330233 0.001038969300435292 1.559363693306782E-8 0.0060473194325400105 8.067456179332235E-8 4.2036099627539415E-5 1.806653114447838E-5 0.005996818867966276 2.9836280099762715E-4 0.002580685773416392 8.501460939103547E-5 1.1644053387407555E-7 1.3640036818058652E-5 0.0028237035910139018 5.1482417371893205E-6 2.9612069126714676E-8 0.9541914776111086 0.02475755729899194 3.546748484749048E-8
http://xmlns.com/foaf/0.1/ 0.08638837977800122 0.0021989800542248743 0.024675509392256417 3.41298730189525E-9 0.21171210833386517 1.7657282657561935E-8 1.1126269632261782E-6 3.29058681001283E-4 0.640356178236929 7.753580777275994E-6 0.0031427660310861523 0.017296058874100833 2.548539928458767E-8 0.002743036429908478 0.002438499691705934 3.7259108042416526E-9 6.48120873572502E-9 0.005302548864856341 0.0034079448987485426 7.762786573409898E-9
http://www.europeana.eu/schemas/edm/ 0.0465403392403098 6.2888375184777545E-9 0.07932434556503683 5.20279981971516E-6 0.3036120671515258 1.2265944293921863E-8 0.00976836988368398 0.008700136987597081 0.4253337290025692 0.04585336485688804 0.013250127703722142 0.011975345594338866 1.7703884227012295E-8 7.497327713808717E-4 0.024237589304874754 0.0021074480031312835 0.0015900900732221653 0.0010086329009549833 0.025935787578223037 7.654324055678006E-6
http://d-nb.info/standards/elementset/gnd# 0.061473909504837866 7.025164289257003E-5 0.05842526507158233 6.313495613220115E-4 0.6253285106602291 1.507039519791429E-7 0.0013742225152225992 0.013214568629922631 0.13441931460090212 0.014326614064301631 0.006887858036647586 0.010933056159923906 2.1751650378145457E-7 4.3540269363834174E-4 0.026120934398215872 0.03605238445269431 2.392983309579979E-4 0.002473272349547938 0.007593352851741964 6.625496332995978E-8
http://purl.org/library/ 6.46964529881972E-4 1.9805964761415125E-7 0.002966280743392561 7.466849863416373E-8 6.77154871610424E-4 3.8630169683522353E-7 4.360978674837951E-5 1.5705826135175862E-7 0.7993649057993417 8.151217395384322E-5 9.813986422343138E-8 3.149802883822191E-6 5.575633113594154E-7 1.3086919396903755E-7 0.12131996099164222 8.151456222618916E-8 1.417942942133064E-7 0.011415975567691368 0.06347498161281696 3.6781507063033957E-6